ORIENTATION 0.004500 1.000000 0.000008 0.000104 0.000008 -1.000000 -0.000009 0.000104 0.000009 -1.000000 
ORIENTATION 0.005000 1.000000 0.000012 0.000128 0.000012 -1.000000 -0.000018 0.000128 0.000018 -1.000000 
ORIENTATION 0.005500 1.000000 0.000016 0.000154 0.000016 -1.000000 -0.000026 0.000154 0.000026 -1.000000 
ORIENTATION 0.006000 1.000000 0.000020 0.000183 0.000020 -1.000000 -0.000034 0.000183 0.000034 -1.000000 
ORIENTATION 0.006500 1.000000 0.000029 0.000232 0.000029 -1.000000 -0.000045 0.000232 0.000045 -1.000000 
ORIENTATION 0.007000 1.000000 0.000032 0.000250 0.000032 -1.000000 -0.000048 0.000250 0.000048 -1.000000 
ORIENTATION 0.007500 1.000000 0.000039 0.000288 0.000039 -1.000000 -0.000055 0.000288 0.000055 -1.000000 
ORIENTATION 0.008000 1.000000 0.000046 0.000328 0.000046 -1.000000 -0.000062 0.000328 0.000062 -1.000000 
ORIENTATION 0.008500 1.000000 0.000054 0.000371 0.000054 -1.000000 -0.000068 0.000371 0.000068 -1.000000 
ORIENTATION 0.009000 1.000000 0.000066 0.000439 0.000066 -1.000000 -0.000077 0.000439 0.000077 -1.000000 
ORIENTATION 0.009500 1.000000 0.000071 0.000462 0.000071 -1.000000 -0.000080 0.000462 0.000080 -1.000000 
ORIENTATION 0.010000 1.000000 0.000080 0.000511 0.000080 -1.000000 -0.000086 0.000511 0.000086 -1.000000 
ORIENTATION 0.010500 1.000000 0.000089 0.000560 0.000089 -1.000000 -0.000092 0.000560 0.000092 -1.000000 
ORIENTATION 0.011000 1.000000 0.000099 0.000610 0.000099 -1.000000 -0.000097 0.000610 0.000097 -1.000000 
ORIENTATION 0.011500 1.000000 0.000114 0.000686 0.000114 -1.000000 -0.000106 0.000686 0.000106 -1.000000 
ORIENTATION 0.012000 1.000000 0.000119 0.000712 0.000119 -1.000000 -0.000108 0.000712 0.000108 -1.000000 
ORIENTATION 0.012500 1.000000 0.000130 0.000761 0.000130 -1.000000 -0.000114 0.000761 0.000114 -1.000000 
ORIENTATION 0.013000 1.000000 0.000141 0.000810 0.000141 -1.000000 -0.000119 0.000810 0.000119 -1.000000 
ORIENTATION 0.013500 1.000000 0.000152 0.000858 0.000152 -1.000000 -0.000124 0.000858 0.000125 -1.000000 
ORIENTATION 0.014000 1.000000 0.000168 0.000925 0.000168 -1.000000 -0.000133 0.000925 0.000133 -1.000000 
ORIENTATION 0.014500 1.000000 0.000174 0.000947 0.000174 -1.000000 -0.000135 0.000947 0.000135 -1.000000 
ORIENTATION 0.015000 0.999999 0.000185 0.000988 0.000186 -1.000000 -0.000141 0.000988 0.000141 -1.000000 
ORIENTATION 0.015500 0.999999 0.000197 0.001026 0.000197 -1.000000 -0.000146 0.001026 0.000146 -0.999999 
ORIENTATION 0.016000 0.999999 0.000209 0.001061 0.000209 -1.000000 -0.000152 0.001061 0.000152 -0.999999 
ORIENTATION 0.016500 0.999999 0.000227 0.001108 0.000227 -1.000000 -0.000160 0.001108 0.000160 -0.999999 
ORIENTATION 0.017000 0.999999 0.000233 0.001121 0.000233 -1.000000 -0.000162 0.001121 0.000163 -0.999999 
ORIENTATION 0.017500 0.999999 0.000245 0.001147 0.000245 -1.000000 -0.000168 0.001147 0.000168 -0.999999 
ORIENTATION 0.018000 0.999999 0.000258 0.001169 0.000258 -1.000000 -0.000173 0.001169 0.000173 -0.999999 
ORIENTATION 0.018500 0.999999 0.000271 0.001187 0.000271 -1.000000 -0.000178 0.001187 0.000179 -0.999999 
ORIENTATION 0.019000 0.999999 0.000290 0.001209 0.000290 -1.000000 -0.000186 0.001209 0.000186 -0.999999 
ORIENTATION 0.019500 0.999999 0.000297 0.001215 0.000297 -1.000000 -0.000188 0.001215 0.000189 -0.999999 
ORIENTATION 0.020000 0.999999 0.000310 0.001225 0.000311 -1.000000 -0.000193 0.001225 0.000194 -0.999999 
ORIENTATION 0.020500 0.999999 0.000324 0.001233 0.000324 -1.000000 -0.000198 0.001233 0.000198 -0.999999 
ORIENTATION 0.021000 0.999999 0.000338 0.001238 0.000338 -1.000000 -0.000203 0.001238 0.000203 -0.999999 
ORIENTATION 0.021500 0.999999 0.000360 0.001243 0.000360 -1.000000 -0.000209 0.001243 0.000210 -0.999999 
ORIENTATION 0.022000 0.999999 0.000367 0.001244 0.000368 -1.000000 -0.000211 0.001244 0.000212 -0.999999 
ORIENTATION 0.022500 0.999999 0.000382 0.001245 0.000383 -1.000000 -0.000215 0.001245 0.000216 -0.999999 
ORIENTATION 0.023000 0.999999 0.000398 0.001246 0.000398 -1.000000 -0.000219 0.001246 0.000220 -0.999999 
ORIENTATION 0.023500 0.999999 0.000414 0.001247 0.000414 -1.000000 -0.000223 0.001247 0.000223 -0.999999 
ORIENTATION 0.024000 0.999999 0.000438 0.001249 0.000438 -1.000000 -0.000228 0.001249 0.000228 -0.999999 
ORIENTATION 0.024500 0.999999 0.000446 0.001250 0.000446 -1.000000 -0.000229 0.001250 0.000230 -0.999999 
ORIENTATION 0.025000 0.999999 0.000463 0.001253 0.000463 -1.000000 -0.000232 0.001253 0.000233 -0.999999 
ORIENTATION 0.025500 0.999999 0.000480 0.001257 0.000480 -1.000000 -0.000235 0.001257 0.000236 -0.999999 
ORIENTATION 0.026000 0.999999 0.000498 0.001264 0.000498 -1.000000 -0.000238 0.001264 0.000239 -0.999999 
ORIENTATION 0.026500 0.999999 0.000524 0.001277 0.000524 -1.000000 -0.000242 0.001277 0.000242 -0.999999 
ORIENTATION 0.027000 0.999999 0.000533 0.001283 0.000534 -1.000000 -0.000243 0.001283 0.000244 -0.999999 
ORIENTATION 0.027500 0.999999 0.000551 0.001297 0.000552 -1.000000 -0.000245 0.001297 0.000246 -0.999999 
ORIENTATION 0.028000 0.999999 0.000570 0.001313 0.000570 -1.000000 -0.000247 0.001313 0.000248 -0.999999 
ORIENTATION 0.028500 0.999999 0.000588 0.001332 0.000589 -1.000000 -0.000250 0.001332 0.000250 -0.999999 
ORIENTATION 0.029000 0.999999 0.000617 0.001366 0.000617 -1.000000 -0.000253 0.001366 0.000254 -0.999999 
ORIENTATION 0.029500 0.999999 0.000626 0.001379 0.000626 -1.000000 -0.000254 0.001379 0.000255 -0.999999 
ORIENTATION 0.030000 0.999999 0.000645 0.001406 0.000645 -1.000000 -0.000256 0.001406 0.000257 -0.999999 
ORIENTATION 0.030500 0.999999 0.000664 0.001436 0.000665 -1.000000 -0.000258 0.001436 0.000259 -0.999999 
ORIENTATION 0.031000 0.999999 0.000683 0.001469 0.000684 -1.000000 -0.000261 0.001469 0.000262 -0.999999 
ORIENTATION 0.031500 0.999999 0.000712 0.001522 0.000712 -1.000000 -0.000264 0.001522 0.000265 -0.999999 
ORIENTATION 0.032000 0.999999 0.000721 0.001541 0.000722 -1.000000 -0.000266 0.001540 0.000267 -0.999999 
ORIENTATION 0.032500 0.999998 0.000740 0.001579 0.000741 -1.000000 -0.000269 0.001579 0.000270 -0.999999 
ORIENTATION 0.033000 0.999998 0.000759 0.001619 0.000759 -1.000000 -0.000272 0.001619 0.000273 -0.999999 
ORIENTATION 0.033500 0.999998 0.000778 0.001659 0.000778 -1.000000 -0.000275 0.001659 0.000276 -0.999999 
ORIENTATION 0.034000 0.999998 0.000805 0.001722 0.000806 -1.000000 -0.000281 0.001721 0.000282 -0.999998 
ORIENTATION 0.034500 0.999998 0.000815 0.001742 0.000815 -1.000000 -0.000283 0.001742 0.000284 -0.999998 
ORIENTATION 0.035000 0.999998 0.000833 0.001784 0.000833 -1.000000 -0.000287 0.001783 0.000288 -0.999998 
ORIENTATION 0.035500 0.999998 0.000851 0.001825 0.000851 -1.000000 -0.000291 0.001824 0.000293 -0.999998 
ORIENTATION 0.036000 0.999998 0.000869 0.001865 0.000869 -1.000000 -0.000296 0.001865 0.000298 -0.999998 
ORIENTATION 0.036500 0.999998 0.000895 0.001923 0.000895 -1.000000 -0.000304 0.001922 0.000306 -0.999998 
ORIENTATION 0.037000 0.999998 0.000904 0.001941 0.000904 -1.000000 -0.000307 0.001941 0.000309 -0.999998 
ORIENTATION 0.037500 0.999998 0.000921 0.001977 0.000921 -1.000000 -0.000313 0.001977 0.000315 -0.999998 
ORIENTATION 0.038000 0.999998 0.000938 0.002011 0.000938 -1.000000 -0.000319 0.002011 0.000321 -0.999998 
ORIENTATION 0.038500 0.999997 0.000954 0.002043 0.000955 -0.999999 -0.000326 0.002042 0.000327 -0.999998 
ORIENTATION 0.039000 0.999997 0.000979 0.002086 0.000980 -0.999999 -0.000336 0.002085 0.000338 -0.999998 
ORIENTATION 0.039500 0.999997 0.000988 0.002099 0.000988 -0.999999 -0.000339 0.002099 0.000341 -0.999998 
ORIENTATION 0.040000 0.999997 0.001004 0.002123 0.001005 -0.999999 -0.000346 0.002123 0.000349 -0.999998 
ORIENTATION 0.040500 0.999997 0.001020 0.002146 0.001021 -0.999999 -0.000354 0.002145 0.000356 -0.999998 
ORIENTATION 0.041000 0.999997 0.001036 0.002165 0.001037 -0.999999 -0.000362 0.002165 0.000364 -0.999998 
ORIENTATION 0.041500 0.999997 0.001060 0.002190 0.001061 -0.999999 -0.000373 0.002190 0.000376 -0.999998 
ORIENTATION 0.042000 0.999997 0.001068 0.002198 0.001069 -0.999999 -0.000377 0.002197 0.000380 -0.999998 
ORIENTATION 0.042500 0.999997 0.001084 0.002211 0.001085 -0.999999 -0.000385 0.002210 0.000388 -0.999997 
ORIENTATION 0.043000 0.999997 0.001100 0.002222 0.001101 -0.999999 -0.000393 0.002221 0.000396 -0.999997 
ORIENTATION 0.043500 0.999997 0.001116 0.002231 0.001117 -0.999999 -0.000401 0.002231 0.000404 -0.999997 
ORIENTATION 0.044000 0.999997 0.001140 0.002243 0.001141 -0.999999 -0.000413 0.002242 0.000416 -0.999997 
ORIENTATION 0.044500 0.999997 0.001148 0.002246 0.001149 -0.999999 -0.000417 0.002246 0.000420 -0.999997 
ORIENTATION 0.045000 0.999997 0.001164 0.002252 0.001165 -0.999999 -0.000425 0.002252 0.000428 -0.999997 
ORIENTATION 0.045500 0.999997 0.001180 0.002258 0.001181 -0.999999 -0.000433 0.002257 0.000436 -0.999997 
ORIENTATION 0.046000 0.999997 0.001197 0.002263 0.001198 -0.999999 -0.000441 0.002262 0.000444 -0.999997 
ORIENTATION 0.046500 0.999997 0.001221 0.002271 0.001222 -0.999999 -0.000452 0.002270 0.000455 -0.999997 
ORIENTATION 0.047000 0.999997 0.001229 0.002274 0.001230 -0.999999 -0.000456 0.002273 0.000459 -0.999997 
ORIENTATION 0.047500 0.999997 0.001246 0.002279 0.001247 -0.999999 -0.000463 0.002279 0.000466 -0.999997 
ORIENTATION 0.048000 0.999997 0.001263 0.002286 0.001264 -0.999999 -0.000470 0.002285 0.000473 -0.999997 
ORIENTATION 0.048500 0.999997 0.001280 0.002294 0.001281 -0.999999 -0.000477 0.002293 0.000480 -0.999997 
ORIENTATION 0.049000 0.999996 0.001305 0.002307 0.001306 -0.999999 -0.000488 0.002306 0.000491 -0.999997 
ORIENTATION 0.049500 0.999996 0.001313 0.002312 0.001315 -0.999999 -0.000491 0.002311 0.000494 -0.999997 
ORIENTATION 0.050000 0.999996 0.001331 0.002323 0.001332 -0.999999 -0.000497 0.002322 0.000500 -0.999997 
ORIENTATION 0.050500 0.999996 0.001348 0.002335 0.001349 -0.999999 -0.000504 0.002335 0.000507 -0.999997 
ORIENTATION 0.051000 0.999996 0.001365 0.002349 0.001366 -0.999999 -0.000510 0.002349 0.000513 -0.999997 
ORIENTATION 0.051500 0.999996 0.001391 0.002373 0.001392 -0.999999 -0.000519 0.002372 0.000522 -0.999997 
ORIENTATION 0.052000 0.999996 0.001399 0.002381 0.001401 -0.999999 -0.000521 0.002380 0.000525 -0.999997 
ORIENTATION 0.052500 0.999996 0.001417 0.002399 0.001418 -0.999999 -0.000527 0.002398 0.000530 -0.999997 
ORIENTATION 0.053000 0.999996 0.001434 0.002418 0.001435 -0.999999 -0.000532 0.002417 0.000536 -0.999997 
ORIENTATION 0.053500 0.999996 0.001451 0.002437 0.001453 -0.999999 -0.000537 0.002436 0.000541 -0.999997 
ORIENTATION 0.054000 0.999996 0.001477 0.002468 0.001479 -0.999999 -0.000544 0.002467 0.000548 -0.999997 
ORIENTATION 0.054500 0.999996 0.001486 0.002478 0.001487 -0.999999 -0.000547 0.002478 0.000550 -0.999997 
ORIENTATION 0.055000 0.999996 0.001503 0.002499 0.001505 -0.999999 -0.000551 0.002498 0.000555 -0.999997 
ORIENTATION 0.055500 0.999996 0.001521 0.002520 0.001522 -0.999999 -0.000555 0.002519 0.000559 -0.999997 
ORIENTATION 0.056000 0.999996 0.001538 0.002540 0.001540 -0.999999 -0.000559 0.002539 0.000563 -0.999997 
ORIENTATION 0.056500 0.999995 0.001564 0.002569 0.001566 -0.999999 -0.000564 0.002568 0.000568 -0.999997 
ORIENTATION 0.057000 0.999995 0.001573 0.002578 0.001574 -0.999999 -0.000565 0.002577 0.000569 -0.999997 
ORIENTATION 0.057500 0.999995 0.001590 0.002595 0.001591 -0.999999 -0.000568 0.002594 0.000572 -0.999996 
ORIENTATION 0.058000 0.999995 0.001607 0.002611 0.001609 -0.999999 -0.000571 0.002610 0.000575 -0.999996 
ORIENTATION 0.058500 0.999995 0.001625 0.002624 0.001626 -0.999999 -0.000573 0.002623 0.000577 -0.999996 
ORIENTATION 0.059000 0.999995 0.001651 0.002641 0.001652 -0.999998 -0.000575 0.002640 0.000580 -0.999996 
ORIENTATION 0.059500 0.999995 0.001660 0.002645 0.001661 -0.999998 -0.000576 0.002644 0.000580 -0.999996 
ORIENTATION 0.060000 0.999995 0.001677 0.002652 0.001679 -0.999998 -0.000577 0.002651 0.000581 -0.999996 
ORIENTATION 0.060500 0.999995 0.001695 0.002656 0.001696 -0.999998 -0.000577 0.002655 0.000582 -0.999996 
ORIENTATION 0.061000 0.999995 0.001713 0.002657 0.001714 -0.999998 -0.000577 0.002656 0.000581 -0.999996 
ORIENTATION 0.061500 0.999995 0.001740 0.002653 0.001742 -0.999998 -0.000575 0.002652 0.000580 -0.999996 
ORIENTATION 0.062000 0.999995 0.001749 0.002651 0.001751 -0.999998 -0.000574 0.002650 0.000579 -0.999996 
ORIENTATION 0.062500 0.999995 0.001768 0.002644 0.001769 -0.999998 -0.000572 0.002643 0.000577 -0.999996 
ORIENTATION 0.063000 0.999995 0.001787 0.002634 0.001788 -0.999998 -0.000569 0.002633 0.000573 -0.999996 
ORIENTATION 0.063500 0.999995 0.001806 0.002621 0.001807 -0.999998 -0.000565 0.002620 0.000569 -0.999996 
ORIENTATION 0.064000 0.999995 0.001836 0.002597 0.001837 -0.999998 -0.000557 0.002596 0.000562 -0.999996 
ORIENTATION 0.064500 0.999995 0.001846 0.002588 0.001847 -0.999998 -0.000554 0.002587 0.000559 -0.999996 
ORIENTATION 0.065000 0.999995 0.001866 0.002568 0.001868 -0.999998 -0.000547 0.002567 0.000552 -0.999997 
ORIENTATION 0.065500 0.999995 0.001887 0.002546 0.001889 -0.999998 -0.000539 0.002545 0.000544 -0.999997 
ORIENTATION 0.066000 0.999995 0.001909 0.002523 0.001910 -0.999998 -0.000530 0.002522 0.000535 -0.999997 
ORIENTATION 0.066500 0.999995 0.001942 0.002484 0.001943 -0.999998 -0.000514 0.002483 0.000518 -0.999997 
ORIENTATION 0.067000 0.999995 0.001954 0.002471 0.001955 -0.999998 -0.000508 0.002470 0.000512 -0.999997 
ORIENTATION 0.067500 0.999995 0.001977 0.002444 0.001978 -0.999998 -0.000495 0.002443 0.000500 -0.999997 
ORIENTATION 0.068000 0.999995 0.002001 0.002415 0.002002 -0.999998 -0.000480 0.002414 0.000485 -0.999997 
ORIENTATION 0.068500 0.999995 0.002025 0.002386 0.002027 -0.999998 -0.000465 0.002385 0.000469 -0.999997 
ORIENTATION 0.069000 0.999995 0.002064 0.002343 0.002065 -0.999998 -0.000438 0.002342 0.000443 -0.999997 
ORIENTATION 0.069500 0.999995 0.002077 0.002328 0.002078 -0.999998 -0.000429 0.002327 0.000434 -0.999997 
ORIENTATION 0.070000 0.999995 0.002103 0.002299 0.002104 -0.999998 -0.000409 0.002298 0.000413 -0.999997 
ORIENTATION 0.070500 0.999995 0.002130 0.002270 0.002131 -0.999998 -0.000387 0.002270 0.000392 -0.999997 
ORIENTATION 0.071000 0.999995 0.002158 0.002242 0.002159 -0.999998 -0.000364 0.002241 0.000368 -0.999997 
ORIENTATION 0.071500 0.999995 0.002201 0.002201 0.002202 -0.999998 -0.000326 0.002200 0.000331 -0.999998 
ORIENTATION 0.072000 0.999995 0.002216 0.002188 0.002217 -0.999997 -0.000312 0.002187 0.000317 -0.999998 
ORIENTATION 0.072500 0.999995 0.002246 0.002162 0.002247 -0.999997 -0.000284 0.002161 0.000289 -0.999998 
ORIENTATION 0.073000 0.999995 0.002276 0.002137 0.002277 -0.999997 -0.000255 0.002136 0.000260 -0.999998 
ORIENTATION 0.073500 0.999995 0.002307 0.002112 0.002308 -0.999997 -0.000224 0.002112 0.000229 -0.999998 
ORIENTATION 0.074000 0.999995 0.002355 0.002077 0.002355 -0.999997 -0.000174 0.002077 0.000179 -0.999998 
ORIENTATION 0.074500 0.999995 0.002371 0.002066 0.002371 -0.999997 -0.000157 0.002066 0.000162 -0.999998 
ORIENTATION 0.075000 0.999995 0.002403 0.002044 0.002403 -0.999997 -0.000121 0.002044 0.000126 -0.999998 
ORIENTATION 0.075500 0.999995 0.002436 0.002022 0.002436 -0.999997 -0.000084 0.002022 0.000089 -0.999998 
ORIENTATION 0.076000 0.999995 0.002469 0.002001 0.002469 -0.999997 -0.000045 0.002001 0.000050 -0.999998 
ORIENTATION 0.076500 0.999995 0.002520 0.001970 0.002520 -0.999997 0.000016 0.001970 -0.000011 -0.999998 
ORIENTATION 0.077000 0.999995 0.002537 0.001959 0.002537 -0.999997 0.000037 0.001959 -0.000032 -0.999998 
ORIENTATION 0.077500 0.999995 0.002571 0.001938 0.002571 -0.999997 0.000080 0.001939 -0.000075 -0.999998 
ORIENTATION 0.078000 0.999995 0.002606 0.001917 0.002606 -0.999997 0.000125 0.001917 -0.000120 -0.999998 
ORIENTATION 0.078500 0.999995 0.002641 0.001895 0.002640 -0.999996 0.000171 0.001895 -0.000166 -0.999998 
ORIENTATION 0.079000 0.999995 0.002693 0.001861 0.002693 -0.999996 0.000243 0.001861 -0.000238 -0.999998 
ORIENTATION 0.079500 0.999995 0.002711 0.001849 0.002710 -0.999996 0.000267 0.001850 -0.000262 -0.999998 
ORIENTATION 0.080000 0.999995 0.002746 0.001824 0.002746 -0.999996 0.000317 0.001825 -0.000312 -0.999998 
ORIENTATION 0.080500 0.999995 0.002782 0.001798 0.002781 -0.999996 0.000369 0.001799 -0.000364 -0.999998 
ORIENTATION 0.081000 0.999994 0.002817 0.001771 0.002817 -0.999996 0.000421 0.001772 -0.000416 -0.999998 
ORIENTATION 0.081500 0.999994 0.002871 0.001727 0.002870 -0.999996 0.000503 0.001728 -0.000498 -0.999998 
ORIENTATION 0.082000 0.999994 0.002889 0.001711 0.002888 -0.999996 0.000531 0.001713 -0.000526 -0.999998 
ORIENTATION 0.082500 0.999994 0.002925 0.001679 0.002924 -0.999996 0.000587 0.001681 -0.000582 -0.999998 
ORIENTATION 0.083000 0.999994 0.002961 0.001645 0.002960 -0.999995 0.000645 0.001647 -0.000640 -0.999998 
ORIENTATION 0.083500 0.999994 0.002997 0.001609 0.002996 -0.999995 0.000704 0.001611 -0.000699 -0.999998 
ORIENTATION 0.084000 0.999994 0.003052 0.001551 0.003051 -0.999995 0.000795 0.001554 -0.000790 -0.999998 
ORIENTATION 0.084500 0.999994 0.003070 0.001531 0.003069 -0.999995 0.000825 0.001534 -0.000821 -0.999998 
ORIENTATION 0.085000 0.999994 0.003106 0.001490 0.003105 -0.999995 0.000888 0.001493 -0.000883 -0.999998 
ORIENTATION 0.085500 0.999994 0.003143 0.001447 0.003142 -0.999995 0.000952 0.001450 -0.000947 -0.999998 
ORIENTATION 0.086000 0.999994 0.003180 0.001403 0.003178 -0.999994 0.001017 0.001406 -0.001012 -0.999998 
ORIENTATION 0.086500 0.999994 0.003235 0.001335 0.003233 -0.999994 0.001116 0.001338 -0.001112 -0.999998 
ORIENTATION 0.087000 0.999994 0.003253 0.001311 0.003252 -0.999994 0.001150 0.001315 -0.001146 -0.999998 
ORIENTATION 0.087500 0.999994 0.003290 0.001264 0.003289 -0.999994 0.001219 0.001268 -0.001214 -0.999998 
ORIENTATION 0.088000 0.999994 0.003328 0.001216 0.003326 -0.999994 0.001288 0.001220 -0.001284 -0.999998 
ORIENTATION 0.088500 0.999994 0.003365 0.001167 0.003363 -0.999993 0.001359 0.001172 -0.001355 -0.999998 
ORIENTATION 0.089000 0.999994 0.003421 0.001094 0.003420 -0.999993 0.001467 0.001099 -0.001463 -0.999998 
ORIENTATION 0.089500 0.999994 0.003440 0.001070 0.003438 -0.999993 0.001503 0.001075 -0.001500 -0.999998 
ORIENTATION 0.090000 0.999993 0.003478 0.001022 0.003476 -0.999993 0.001577 0.001027 -0.001574 -0.999998 
ORIENTATION 0.090500 0.999993 0.003516 0.000974 0.003514 -0.999992 0.001652 0.000980 -0.001649 -0.999998 
ORIENTATION 0.091000 0.999993 0.003554 0.000927 0.003552 -0.999992 0.001728 0.000933 -0.001725 -0.999998 
ORIENTATION 0.091500 0.999993 0.003611 0.000859 0.003609 -0.999992 0.001844 0.000866 -0.001841 -0.999998 
ORIENTATION 0.092000 0.999993 0.003630 0.000837 0.003629 -0.999992 0.001883 0.000844 -0.001880 -0.999998 
ORIENTATION 0.092500 0.999993 0.003668 0.000795 0.003667 -0.999991 0.001962 0.000802 -0.001959 -0.999998 
ORIENTATION 0.093000 0.999993 0.003707 0.000754 0.003705 -0.999991 0.002042 0.000761 -0.002039 -0.999998 
ORIENTATION 0.093500 0.999993 0.003745 0.000715 0.003744 -0.999991 0.002123 0.000723 -0.002120 -0.999997 
ORIENTATION 0.094000 0.999993 0.003803 0.000660 0.003802 -0.999990 0.002245 0.000669 -0.002243 -0.999997 
ORIENTATION 0.094500 0.999992 0.003822 0.000643 0.003821 -0.999990 0.002286 0.000652 -0.002284 -0.999997 
ORIENTATION 0.095000 0.999992 0.003861 0.000611 0.003859 -0.999990 0.002369 0.000620 -0.002367 -0.999997 
ORIENTATION 0.095500 0.999992 0.003899 0.000581 0.003898 -0.999989 0.002453 0.000590 -0.002451 -0.999997 
ORIENTATION 0.096000 0.999992 0.003938 0.000553 0.003936 -0.999989 0.002537 0.000563 -0.002535 -0.999997 
ORIENTATION 0.096500 0.999992 0.003995 0.000516 0.003994 -0.999988 0.002665 0.000527 -0.002663 -0.999996 
ORIENTATION 0.097000 0.999992 0.004014 0.000505 0.004013 -0.999988 0.002707 0.000516 -0.002705 -0.999996 
ORIENTATION 0.097500 0.999992 0.004081 0.000471 0.004079 -0.999988 0.002858 0.000483 -0.002856 -0.999996 
ORIENTATION 0.098000 0.999991 0.004118 0.000455 0.004117 -0.999987 0.002943 0.000467 -0.002942 -0.999996 
ORIENTATION 0.098500 0.999991 0.004157 0.000441 0.004156 -0.999987 0.003035 0.000453 -0.003033 -0.999995 
ORIENTATION 0.099000 0.999991 0.004184 0.000433 0.004182 -0.999986 0.003098 0.000446 -0.003096 -0.999995 
ORIENTATION 0.099500 0.999991 0.004224 0.000424 0.004222 -0.999986 0.003194 0.000437 -0.003192 -0.999995 
ORIENTATION 0.100000 0.999991 0.004263 0.000417 0.004262 -0.999986 0.003290 0.000431 -0.003288 -0.999995 
ORIENTATION 0.100500 0.999991 0.004276 0.000416 0.004275 -0.999985 0.003323 0.000430 -0.003322 -0.999994 
ORIENTATION 0.101000 0.999991 0.004313 0.000413 0.004312 -0.999985 0.003415 0.000428 -0.003413 -0.999994 
ORIENTATION 0.101500 0.999990 0.004368 0.000413 0.004366 -0.999984 0.003554 0.000428 -0.003553 -0.999994 
ORIENTATION 0.102000 0.999990 0.004386 0.000414 0.004384 -0.999984 0.003601 0.000430 -0.003599 -0.999993 
ORIENTATION 0.102500 0.999990 0.004422 0.000418 0.004420 -0.999983 0.003696 0.000434 -0.003694 -0.999993 
ORIENTATION 0.103000 0.999990 0.004457 0.000423 0.004456 -0.999983 0.003791 0.000440 -0.003789 -0.999993 
ORIENTATION 0.103500 0.999990 0.004492 0.000430 0.004491 -0.999982 0.003886 0.000448 -0.003884 -0.999992 
ORIENTATION 0.104000 0.999990 0.004544 0.000444 0.004542 -0.999982 0.004032 0.000463 -0.004030 -0.999992 
ORIENTATION 0.104500 0.999989 0.004561 0.000450 0.004559 -0.999981 0.004080 0.000469 -0.004078 -0.999992 
ORIENTATION 0.105000 0.999989 0.004595 0.000462 0.004593 -0.999981 0.004179 0.000481 -0.004177 -0.999991 
ORIENTATION 0.105500 0.999989 0.004628 0.000476 0.004626 -0.999980 0.004278 0.000496 -0.004276 -0.999991 
ORIENTATION 0.106000 0.999989 0.004661 0.000491 0.004659 -0.999980 0.004378 0.000512 -0.004376 -0.999990 
ORIENTATION 0.106500 0.999989 0.004710 0.000517 0.004707 -0.999979 0.004530 0.000538 -0.004528 -0.999990 
ORIENTATION 0.107000 0.999989 0.004725 0.000527 0.004723 -0.999978 0.004582 0.000548 -0.004579 -0.999989 
ORIENTATION 0.107500 0.999989 0.004757 0.000547 0.004754 -0.999978 0.004685 0.000569 -0.004682 -0.999989 
ORIENTATION 0.108000 0.999988 0.004788 0.000568 0.004785 -0.999977 0.004789 0.000591 -0.004787 -0.999988 
ORIENTATION 0.108500 0.999988 0.004818 0.000592 0.004815 -0.999976 0.004895 0.000615 -0.004892 -0.999988 
ORIENTATION 0.109000 0.999988 0.004862 0.000630 0.004859 -0.999975 0.005055 0.000655 -0.005052 -0.999987 
ORIENTATION 0.109500 0.999988 0.004877 0.000644 0.004874 -0.999975 0.005109 0.000669 -0.005106 -0.999987 
ORIENTATION 0.110000 0.999988 0.004906 0.000673 0.004902 -0.999974 0.005218 0.000699 -0.005215 -0.999986 
ORIENTATION 0.110500 0.999988 0.004934 0.000704 0.004930 -0.999974 0.005329 0.000730 -0.005325 -0.999986 
ORIENTATION 0.111000 0.999987 0.004961 0.000737 0.004957 -0.999973 0.005440 0.000764 -0.005436 -0.999985 
ORIENTATION 0.111500 0.999987 0.005002 0.000790 0.004997 -0.999972 0.005610 0.000818 -0.005606 -0.999984 
ORIENTATION 0.112000 0.999987 0.005015 0.000809 0.005010 -0.999971 0.005667 0.000838 -0.005663 -0.999984 
ORIENTATION 0.112500 0.999987 0.005041 0.000849 0.005036 -0.999971 0.005782 0.000878 -0.005778 -0.999983 
ORIENTATION 0.113000 0.999987 0.005067 0.000891 0.005061 -0.999970 0.005899 0.000921 -0.005895 -0.999982 
ORIENTATION 0.113500 0.999987 0.005092 0.000936 0.005086 -0.999969 0.006018 0.000966 -0.006013 -0.999981 
ORIENTATION 0.114000 0.999986 0.005128 0.001008 0.005122 -0.999968 0.006198 0.001039 -0.006193 -0.999980 
ORIENTATION 0.114500 0.999986 0.005140 0.001033 0.005134 -0.999967 0.006260 0.001065 -0.006254 -0.999980 
ORIENTATION 0.115000 0.999986 0.005164 0.001086 0.005157 -0.999966 0.006383 0.001119 -0.006377 -0.999979 
ORIENTATION 0.115500 0.999986 0.005187 0.001142 0.005179 -0.999965 0.006508 0.001176 -0.006502 -0.999978 
ORIENTATION 0.116000 0.999986 0.005209 0.001202 0.005201 -0.999964 0.006635 0.001236 -0.006629 -0.999977 
ORIENTATION 0.116500 0.999985 0.005242 0.001296 0.005233 -0.999963 0.006828 0.001332 -0.006822 -0.999976 
ORIENTATION 0.117000 0.999985 0.005252 0.001330 0.005243 -0.999962 0.006894 0.001366 -0.006887 -0.999975 
ORIENTATION 0.117500 0.999985 0.005273 0.001398 0.005263 -0.999961 0.007026 0.001435 -0.007018 -0.999974 
ORIENTATION 0.118000 0.999985 0.005293 0.001470 0.005282 -0.999960 0.007160 0.001508 -0.007152 -0.999973 
ORIENTATION 0.118500 0.999985 0.005312 0.001545 0.005300 -0.999959 0.007295 0.001584 -0.007287 -0.999972 
ORIENTATION 0.119000 0.999984 0.005339 0.001664 0.005326 -0.999958 0.007502 0.001704 -0.007493 -0.999970 
ORIENTATION 0.119500 0.999984 0.005348 0.001705 0.005335 -0.999957 0.007571 0.001745 -0.007562 -0.999970 
ORIENTATION 0.120000 0.999984 0.005364 0.001789 0.005350 -0.999956 0.007712 0.001830 -0.007702 -0.999969 
ORIENTATION 0.120500 0.999984 0.005380 0.001875 0.005365 -0.999955 0.007854 0.001918 -0.007844 -0.999967 
ORIENTATION 0.121000 0.999984 0.005395 0.001965 0.005379 -0.999954 0.007998 0.002008 -0.007987 -0.999966 
ORIENTATION 0.121500 0.999983 0.005416 0.002103 0.005398 -0.999952 0.008216 0.002147 -0.008205 -0.999964 
ORIENTATION 0.122000 0.999983 0.005422 0.002150 0.005404 -0.999951 0.008290 0.002195 -0.008278 -0.999963 
ORIENTATION 0.122500 0.999983 0.005434 0.002246 0.005415 -0.999950 0.008439 0.002291 -0.008426 -0.999962 
ORIENTATION 0.123000 0.999982 0.005445 0.002343 0.005425 -0.999948 0.008589 0.002390 -0.008576 -0.999960 
ORIENTATION 0.123500 0.999982 0.005456 0.002442 0.005434 -0.999947 0.008740 0.002489 -0.008727 -0.999959 
ORIENTATION 0.124000 0.999982 0.005469 0.002592 0.005446 -0.999945 0.008971 0.002641 -0.008957 -0.999956 
ORIENTATION 0.124500 0.999982 0.005473 0.002642 0.005449 -0.999944 0.009049 0.002691 -0.009034 -0.999956 
ORIENTATION 0.125000 0.999981 0.005480 0.002743 0.005455 -0.999943 0.009205 0.002794 -0.009190 -0.999954 
ORIENTATION 0.125500 0.999981 0.005487 0.002845 0.005460 -0.999941 0.009364 0.002896 -0.009348 -0.999952 
ORIENTATION 0.126000 0.999981 0.005493 0.002946 0.005464 -0.999940 0.009524 0.002998 -0.009508 -0.999950 
ORIENTATION 0.126500 0.999980 0.005499 0.003097 0.005469 -0.999937 0.009768 0.003151 -0.009750 -0.999947 
ORIENTATION 0.127000 0.999980 0.005501 0.003147 0.005470 -0.999937 0.009850 0.003201 -0.009832 -0.999947 
ORIENTATION 0.127500 0.999980 0.005505 0.003247 0.005472 -0.999935 0.010016 0.003302 -0.009998 -0.999945 
ORIENTATION 0.128000 0.999979 0.005507 0.003345 0.005473 -0.999933 0.010183 0.003401 -0.010165 -0.999943 
ORIENTATION 0.128500 0.999979 0.005510 0.003442 0.005474 -0.999931 0.010353 0.003498 -0.010334 -0.999940 
ORIENTATION 0.129000 0.999978 0.005512 0.003583 0.005474 -0.999929 0.010612 0.003642 -0.010592 -0.999937 
ORIENTATION 0.129500 0.999978 0.005513 0.003630 0.005474 -0.999928 0.010700 0.003688 -0.010680 -0.999936 
ORIENTATION 0.130000 0.999978 0.005514 0.003721 0.005473 -0.999926 0.010877 0.003780 -0.010856 -0.999934 
ORIENTATION 0.130500 0.999978 0.005515 0.003809 0.005472 -0.999924 0.011056 0.003870 -0.011035 -0.999932 
ORIENTATION 0.131000 0.999977 0.005515 0.003895 0.005471 -0.999922 0.011238 0.003957 -0.011217 -0.999929 
ORIENTATION 0.131500 0.999977 0.005517 0.004019 0.005470 -0.999919 0.011516 0.004082 -0.011494 -0.999926 
ORIENTATION 0.132000 0.999977 0.005517 0.004059 0.005470 -0.999918 0.011611 0.004123 -0.011588 -0.999924 
ORIENTATION 0.132500 0.999976 0.005518 0.004137 0.005469 -0.999915 0.011801 0.004201 -0.011778 -0.999922 
ORIENTATION 0.133000 0.999976 0.005519 0.004211 0.005468 -0.999913 0.011995 0.004277 -0.011972 -0.999919 
ORIENTATION 0.133500 0.999976 0.005521 0.004283 0.005468 -0.999911 0.012192 0.004350 -0.012168 -0.999917 
ORIENTATION 0.134000 0.999975 0.005524 0.004384 0.005469 -0.999907 0.012493 0.004453 -0.012469 -0.999912 
ORIENTATION 0.134500 0.999975 0.005525 0.004416 0.005469 -0.999906 0.012595 0.004485 -0.012571 -0.999911 
ORIENTATION 0.135000 0.999975 0.005528 0.004478 0.005471 -0.999903 0.012802 0.004549 -0.012778 -0.999908 
ORIENTATION 0.135500 0.999974 0.005532 0.004537 0.005473 -0.999900 0.013013 0.004609 -0.012988 -0.999905 
ORIENTATION 0.136000 0.999974 0.005537 0.004593 0.005475 -0.999898 0.013227 0.004666 -0.013202 -0.999902 
ORIENTATION 0.136500 0.999974 0.005545 0.004671 0.005481 -0.999893 0.013555 0.004746 -0.013529 -0.999897 
ORIENTATION 0.137000 0.999974 0.005548 0.004696 0.005483 -0.999892 0.013666 0.004771 -0.013640 -0.999896 
ORIENTATION 0.137500 0.999973 0.005554 0.004743 0.005488 -0.999888 0.013891 0.004819 -0.013865 -0.999892 
ORIENTATION 0.138000 0.999973 0.005562 0.004787 0.005494 -0.999885 0.014120 0.004865 -0.014094 -0.999889 
ORIENTATION 0.138500 0.999973 0.005570 0.004828 0.005500 -0.999882 0.014353 0.004907 -0.014326 -0.999885 
ORIENTATION 0.139000 0.999972 0.005584 0.004885 0.005511 -0.999877 0.014709 0.004966 -0.014681 -0.999880 
ORIENTATION 0.139500 0.999972 0.005589 0.004903 0.005515 -0.999875 0.014829 0.004985 -0.014802 -0.999878 
ORIENTATION 0.140000 0.999972 0.005599 0.004936 0.005524 -0.999871 0.015073 0.005020 -0.015045 -0.999874 
ORIENTATION 0.140500 0.999972 0.005610 0.004967 0.005534 -0.999867 0.015320 0.005053 -0.015292 -0.999870 
ORIENTATION 0.141000 0.999972 0.005622 0.004996 0.005544 -0.999863 0.015571 0.005083 -0.015543 -0.999866 
ORIENTATION 0.141500 0.999971 0.005641 0.005036 0.005560 -0.999857 0.015954 0.005125 -0.015926 -0.999860 
ORIENTATION 0.142000 0.999971 0.005648 0.005048 0.005566 -0.999855 0.016084 0.005138 -0.016055 -0.999858 
ORIENTATION 0.142500 0.999971 0.005661 0.005071 0.005578 -0.999851 0.016345 0.005163 -0.016316 -0.999854 
ORIENTATION 0.143000 0.999971 0.005675 0.005092 0.005590 -0.999846 0.016610 0.005185 -0.016581 -0.999849 
ORIENTATION 0.143500 0.999971 0.005689 0.005111 0.005602 -0.999842 0.016877 0.005206 -0.016848 -0.999845 
ORIENTATION 0.144000 0.999970 0.005711 0.005137 0.005622 -0.999835 0.017285 0.005235 -0.017256 -0.999837 
ORIENTATION 0.144500 0.999970 0.005719 0.005144 0.005628 -0.999832 0.017423 0.005243 -0.017393 -0.999835 
ORIENTATION 0.145000 0.999970 0.005733 0.005159 0.005641 -0.999827 0.017700 0.005259 -0.017670 -0.999830 
ORIENTATION 0.145500 0.999970 0.005748 0.005171 0.005654 -0.999822 0.017980 0.005274 -0.017950 -0.999825 
ORIENTATION 0.146000 0.999970 0.005763 0.005183 0.005667 -0.999817 0.018262 0.005287 -0.018232 -0.999820 
ORIENTATION 0.146500 0.999970 0.005784 0.005197 0.005686 -0.999809 0.018692 0.005304 -0.018661 -0.999812 
ORIENTATION 0.147000 0.999970 0.005792 0.005201 0.005693 -0.999806 0.018836 0.005309 -0.018806 -0.999809 
ORIENTATION 0.147500 0.999970 0.005806 0.005207 0.005705 -0.999801 0.019127 0.005317 -0.019096 -0.999804 
ORIENTATION 0.148000 0.999969 0.005819 0.005213 0.005717 -0.999795 0.019420 0.005325 -0.019390 -0.999798 
ORIENTATION 0.148500 0.999969 0.005832 0.005217 0.005729 -0.999789 0.019716 0.005330 -0.019685 -0.999792 
ORIENTATION 0.149000 0.999969 0.005851 0.005220 0.005745 -0.999780 0.020164 0.005337 -0.020133 -0.999783 
ORIENTATION 0.149500 0.999969 0.005857 0.005220 0.005750 -0.999777 0.020314 0.005338 -0.020284 -0.999780 
ORIENTATION 0.150000 0.999969 0.005869 0.005220 0.005760 -0.999771 0.020617 0.005339 -0.020587 -0.999774 
ORIENTATION 0.150500 0.999969 0.005880 0.005218 0.005770 -0.999764 0.020923 0.005339 -0.020892 -0.999767 
ORIENTATION 0.151000 0.999969 0.005891 0.005214 0.005779 -0.999758 0.021230 0.005338 -0.021200 -0.999761 
ORIENTATION 0.151500 0.999969 0.005906 0.005206 0.005791 -0.999748 0.021696 0.005333 -0.021666 -0.999751 
ORIENTATION 0.152000 0.999969 0.005910 0.005202 0.005795 -0.999744 0.021853 0.005330 -0.021822 -0.999748 
ORIENTATION 0.152500 0.999969 0.005919 0.005194 0.005802 -0.999737 0.022168 0.005324 -0.022137 -0.999741 
ORIENTATION 0.153000 0.999969 0.005927 0.005185 0.005809 -0.999730 0.022485 0.005316 -0.022454 -0.999734 
ORIENTATION 0.153500 0.999969 0.005935 0.005173 0.005815 -0.999723 0.022805 0.005307 -0.022774 -0.999727 
ORIENTATION 0.154000 0.999969 0.005945 0.005153 0.005824 -0.999712 0.023290 0.005290 -0.023259 -0.999715 
ORIENTATION 0.154500 0.999969 0.005948 0.005146 0.005826 -0.999708 0.023453 0.005284 -0.023422 -0.999712 
ORIENTATION 0.155000 0.999969 0.005955 0.005129 0.005831 -0.999700 0.023781 0.005269 -0.023750 -0.999704 
ORIENTATION 0.155500 0.999969 0.005960 0.005112 0.005836 -0.999692 0.024111 0.005254 -0.024081 -0.999696 
ORIENTATION 0.156000 0.999969 0.005966 0.005092 0.005840 -0.999684 0.024445 0.005236 -0.024414 -0.999688 
ORIENTATION 0.156500 0.999969 0.005973 0.005060 0.005845 -0.999672 0.024950 0.005207 -0.024920 -0.999676 
ORIENTATION 0.157000 0.999969 0.005976 0.005048 0.005847 -0.999667 0.025121 0.005197 -0.025090 -0.999672 
ORIENTATION 0.157500 0.999969 0.005981 0.005024 0.005851 -0.999659 0.025463 0.005174 -0.025433 -0.999663 
ORIENTATION 0.158000 0.999970 0.005985 0.004998 0.005854 -0.999650 0.025809 0.005150 -0.025779 -0.999654 
ORIENTATION 0.158500 0.999970 0.005990 0.004970 0.005858 -0.999641 0.026158 0.005125 -0.026128 -0.999645 
ORIENTATION 0.159000 0.999970 0.005996 0.004926 0.005863 -0.999627 0.026688 0.005084 -0.026659 -0.999632 
ORIENTATION 0.159500 0.999970 0.005998 0.004911 0.005864 -0.999622 0.026867 0.005070 -0.026837 -0.999627 
ORIENTATION 0.160000 0.999970 0.006003 0.004879 0.005868 -0.999612 0.027226 0.005040 -0.027197 -0.999617 
ORIENTATION 0.160500 0.999970 0.006007 0.004845 0.005872 -0.999602 0.027589 0.005009 -0.027560 -0.999608 
ORIENTATION 0.161000 0.999970 0.006012 0.004811 0.005875 -0.999592 0.027956 0.004977 -0.027927 -0.999598 
ORIENTATION 0.161500 0.999971 0.006019 0.004756 0.005881 -0.999576 0.028513 0.004926 -0.028484 -0.999582 
ORIENTATION 0.162000 0.999971 0.006022 0.004737 0.005884 -0.999571 0.028700 0.004908 -0.028672 -0.999577 
ORIENTATION 0.162500 0.999971 0.006027 0.004699 0.005888 -0.999560 0.029078 0.004872 -0.029050 -0.999566 
ORIENTATION 0.163000 0.999971 0.006033 0.004659 0.005893 -0.999549 0.029460 0.004835 -0.029431 -0.999555 
ORIENTATION 0.163500 0.999971 0.006038 0.004618 0.005898 -0.999537 0.029845 0.004796 -0.029817 -0.999544 
ORIENTATION 0.164000 0.999971 0.006047 0.004555 0.005906 -0.999519 0.030430 0.004737 -0.030402 -0.999527 
ORIENTATION 0.164500 0.999971 0.006050 0.004533 0.005909 -0.999513 0.030627 0.004716 -0.030599 -0.999521 
ORIENTATION 0.165000 0.999972 0.006056 0.004489 0.005914 -0.999501 0.031023 0.004675 -0.030995 -0.999509 
ORIENTATION 0.165500 0.999972 0.006063 0.004445 0.005920 -0.999489 0.031423 0.004633 -0.031396 -0.999496 
ORIENTATION 0.166000 0.999972 0.006069 0.004399 0.005926 -0.999476 0.031826 0.004590 -0.031799 -0.999484 
ORIENTATION 0.166500 0.999972 0.006079 0.004329 0.005935 -0.999456 0.032438 0.004524 -0.032412 -0.999464 
ORIENTATION 0.167000 0.999972 0.006082 0.004305 0.005939 -0.999449 0.032644 0.004501 -0.032617 -0.999458 
ORIENTATION 0.167500 0.999972 0.006089 0.004257 0.005945 -0.999436 0.033058 0.004456 -0.033032 -0.999444 
ORIENTATION 0.168000 0.999973 0.006095 0.004208 0.005951 -0.999422 0.033475 0.004409 -0.033449 -0.999431 
ORIENTATION 0.168500 0.999973 0.006101 0.004158 0.005957 -0.999408 0.033895 0.004362 -0.033870 -0.999417 
ORIENTATION 0.169000 0.999973 0.006111 0.004082 0.005966 -0.999386 0.034532 0.004290 -0.034506 -0.999395 
ORIENTATION 0.169500 0.999973 0.006113 0.004056 0.005969 -0.999378 0.034745 0.004266 -0.034720 -0.999388 
ORIENTATION 0.170000 0.999973 0.006119 0.004004 0.005974 -0.999363 0.035175 0.004217 -0.035150 -0.999373 
ORIENTATION 0.170500 0.999973 0.006124 0.003952 0.005980 -0.999348 0.035607 0.004167 -0.035582 -0.999358 
ORIENTATION 0.171000 0.999974 0.006129 0.003898 0.005985 -0.999332 0.036042 0.004116 -0.036018 -0.999343 
ORIENTATION 0.171500 0.999974 0.006135 0.003817 0.005991 -0.999308 0.036700 0.004039 -0.036676 -0.999319 
ORIENTATION 0.172000 0.999974 0.006137 0.003789 0.005993 -0.999300 0.036920 0.004013 -0.036897 -0.999311 
ORIENTATION 0.172500 0.999974 0.006141 0.003734 0.005997 -0.999284 0.037363 0.003961 -0.037340 -0.999295 
ORIENTATION 0.173000 0.999974 0.006144 0.003678 0.006001 -0.999267 0.037808 0.003907 -0.037785 -0.999278 
ORIENTATION 0.173500 0.999975 0.006147 0.003621 0.006004 -0.999250 0.038256 0.003854 -0.038233 -0.999261 
ORIENTATION 0.174000 0.999975 0.006150 0.003535 0.006008 -0.999224 0.038931 0.003771 -0.038909 -0.999236 
ORIENTATION 0.174500 0.999975 0.006151 0.003506 0.006009 -0.999215 0.039157 0.003744 -0.039135 -0.999227 
ORIENTATION 0.175000 0.999975 0.006152 0.003447 0.006011 -0.999197 0.039612 0.003688 -0.039590 -0.999209 
ORIENTATION 0.175500 0.999975 0.006153 0.003388 0.006012 -0.999179 0.040068 0.003631 -0.040047 -0.999191 
ORIENTATION 0.176000 0.999976 0.006153 0.003327 0.006013 -0.999160 0.040526 0.003574 -0.040505 -0.999173 
ORIENTATION 0.176500 0.999976 0.006153 0.003236 0.006014 -0.999132 0.041218 0.003486 -0.041197 -0.999145 
ORIENTATION 0.177000 0.999976 0.006152 0.003205 0.006014 -0.999123 0.041449 0.003457 -0.041429 -0.999135 
ORIENTATION 0.177500 0.999976 0.006151 0.003142 0.006014 -0.999103 0.041914 0.003397 -0.041894 -0.999116 
ORIENTATION 0.178000 0.999976 0.006149 0.003079 0.006013 -0.999083 0.042381 0.003337 -0.042361 -0.999097 
ORIENTATION 0.178500 0.999977 0.006147 0.003015 0.006012 -0.999063 0.042850 0.003275 -0.042830 -0.999077 
ORIENTATION 0.179000 0.999977 0.006143 0.002917 0.006010 -0.999033 0.043557 0.003182 -0.043538 -0.999047 
ORIENTATION 0.179500 0.999977 0.006141 0.002884 0.006009 -0.999023 0.043793 0.003150 -0.043775 -0.999036 
ORIENTATION 0.180000 0.999977 0.006138 0.002817 0.006007 -0.999002 0.044268 0.003086 -0.044251 -0.999016 
ORIENTATION 0.180500 0.999977 0.006135 0.002749 0.006005 -0.998980 0.044746 0.003021 -0.044728 -0.998995 
ORIENTATION 0.181000 0.999978 0.006131 0.002681 0.006003 -0.998959 0.045225 0.002955 -0.045208 -0.998973 
ORIENTATION 0.181500 0.999978 0.006125 0.002576 0.006000 -0.998926 0.045948 0.002854 -0.045932 -0.998940 
ORIENTATION 0.182000 0.999978 0.006123 0.002540 0.005999 -0.998915 0.046191 0.002820 -0.046174 -0.998929 
ORIENTATION 0.182500 0.999978 0.006120 0.002468 0.005998 -0.998892 0.046677 0.002751 -0.046661 -0.998907 
ORIENTATION 0.183000 0.999978 0.006116 0.002395 0.005996 -0.998869 0.047165 0.002681 -0.047150 -0.998884 
ORIENTATION 0.183500 0.999979 0.006112 0.002321 0.005994 -0.998846 0.047656 0.002610 -0.047641 -0.998861 
ORIENTATION 0.184000 0.999979 0.006107 0.002208 0.005993 -0.998810 0.048396 0.002501 -0.048382 -0.998826 
ORIENTATION 0.184500 0.999979 0.006105 0.002170 0.005992 -0.998798 0.048644 0.002464 -0.048630 -0.998814 
ORIENTATION 0.185000 0.999979 0.006102 0.002092 0.005992 -0.998774 0.049142 0.002389 -0.049128 -0.998790 
ORIENTATION 0.185500 0.999979 0.006099 0.002013 0.005991 -0.998749 0.049642 0.002313 -0.049629 -0.998765 
ORIENTATION 0.186000 0.999980 0.006096 0.001932 0.005991 -0.998724 0.050144 0.002235 -0.050132 -0.998740 
ORIENTATION 0.186500 0.999980 0.006092 0.001809 0.005992 -0.998686 0.050902 0.002117 -0.050890 -0.998702 
ORIENTATION 0.187000 0.999980 0.006091 0.001767 0.005993 -0.998673 0.051156 0.002077 -0.051145 -0.998689 
ORIENTATION 0.187500 0.999980 0.006089 0.001683 0.005994 -0.998646 0.051666 0.001995 -0.051655 -0.998663 
ORIENTATION 0.188000 0.999980 0.006088 0.001597 0.005996 -0.998620 0.052177 0.001913 -0.052167 -0.998637 
ORIENTATION 0.188500 0.999980 0.006087 0.001510 0.005999 -0.998593 0.052691 0.001829 -0.052681 -0.998610 
ORIENTATION 0.189000 0.999981 0.006085 0.001377 0.006003 -0.998552 0.053467 0.001700 -0.053457 -0.998569 
ORIENTATION 0.189500 0.999981 0.006085 0.001332 0.006005 -0.998538 0.053726 0.001657 -0.053717 -0.998555 
ORIENTATION 0.190000 0.999981 0.006085 0.001241 0.006008 -0.998509 0.054247 0.001569 -0.054238 -0.998527 
ORIENTATION 0.190500 0.999981 0.006085 0.001149 0.006013 -0.998481 0.054769 0.001480 -0.054761 -0.998498 
ORIENTATION 0.191000 0.999981 0.006085 0.001055 0.006017 -0.998452 0.055294 0.001390 -0.055287 -0.998470 
ORIENTATION 0.191500 0.999981 0.006085 0.000913 0.006025 -0.998408 0.056084 0.001253 -0.056078 -0.998426 
ORIENTATION 0.192000 0.999981 0.006086 0.000865 0.006027 -0.998393 0.056349 0.001207 -0.056343 -0.998411 
ORIENTATION 0.192500 0.999981 0.006087 0.000769 0.006033 -0.998363 0.056879 0.001114 -0.056873 -0.998381 
