ORIENTATION 0.0045 1 0 0 0 -1 0 0 0 -1
ORIENTATION 0.005 1 2.06459e-06 2.0036e-05 2.06441e-06 -1 9.40152e-06 2.0036e-05 -9.40148e-06 -1
ORIENTATION 0.0055 1 4.12938e-06 4.0072e-05 4.12862e-06 -1 1.88031e-05 4.0072e-05 -1.88029e-05 -1
ORIENTATION 0.006 1 6.19435e-06 6.01079e-05 6.19265e-06 -1 2.82047e-05 6.01081e-05 -2.82043e-05 -1
ORIENTATION 0.0065 1 9.84597e-06 8.51048e-05 9.84284e-06 -1 3.67164e-05 8.51052e-05 -3.67155e-05 -1
ORIENTATION 0.007 1 1.34978e-05 0.000110102 1.34928e-05 -1 4.52282e-05 0.000110102 -4.52267e-05 -1
ORIENTATION 0.0075 1 1.92682e-05 0.00014355 1.92607e-05 -1 5.25887e-05 0.000143551 -5.2586e-05 -1
ORIENTATION 0.008 1 2.50389e-05 0.000176998 2.50283e-05 -1 5.99495e-05 0.000177 -5.9945e-05 -1
ORIENTATION 0.0085 1 3.08098e-05 0.000210447 3.07957e-05 -1 6.73104e-05 0.000210449 -6.73039e-05 -1
ORIENTATION 0.009 1 3.77994e-05 0.000249436 3.77809e-05 -1 7.40432e-05 0.000249439 -7.40338e-05 -1
ORIENTATION 0.0095 1 4.47892e-05 0.000288425 4.47659e-05 -1 8.07763e-05 0.000288429 -8.07634e-05 -1
ORIENTATION 0.01 1 5.32786e-05 0.000334357 5.32495e-05 -1 8.68131e-05 0.000334362 -8.67953e-05 -1
ORIENTATION 0.0105 1 6.17682e-05 0.000380289 6.17329e-05 -1 9.28502e-05 0.000380294 -9.28268e-05 -1
ORIENTATION 0.011 1 7.02582e-05 0.00042622 7.0216e-05 -1 9.88878e-05 0.000426227 -9.88578e-05 -1
ORIENTATION 0.0115 1 7.95472e-05 0.000475213 7.94975e-05 -1 0.000104618 0.000475222 -0.000104581 -1
ORIENTATION 0.012 1 8.88366e-05 0.000524206 8.87788e-05 -1 0.00011035 0.000524216 -0.000110303 -1
ORIENTATION 0.0125 1 9.90366e-05 0.000574798 9.897e-05 -1 0.00011583 0.00057481 -0.000115773 -1
ORIENTATION 0.013 1 0.000109237 0.00062539 0.000109161 -1 0.000121311 0.000625403 -0.000121242 -1
ORIENTATION 0.0135 1 0.000119437 0.000675982 0.000119352 -1 0.000126792 0.000675997 -0.000126711 -1
ORIENTATION 0.014 1 0.00013011 0.000725413 0.000130014 -1 0.000132207 0.00072543 -0.000132113 -1
ORIENTATION 0.0145 1 0.000140782 0.000774844 0.000140676 -1 0.000137623 0.000774863 -0.000137514 -1
ORIENTATION 0.015 1 0.00015201 0.000819427 0.000151892 -1 0.000143039 0.000819449 -0.000142915 -1
ORIENTATION 0.0155 1 0.000163237 0.000864011 0.000163109 -1 0.000148456 0.000864035 -0.000148315 -1
ORIENTATION 0.016 1 0.000174465 0.000908594 0.000174325 -1 0.000153874 0.000908621 -0.000153715 -1
ORIENTATION 0.0165 1 0.00018602 0.000948143 0.00018587 -1 0.000159307 0.000948173 -0.000159131 -1
ORIENTATION 0.017 0.999999 0.000197576 0.000987691 0.000197414 -1 0.00016474 0.000987724 -0.000164545 -0.999999
ORIENTATION 0.0175 0.999999 0.00020963 0.00101798 0.000209457 -1 0.000170162 0.00101802 -0.000169948 -0.999999
ORIENTATION 0.018 0.999999 0.000221684 0.00104828 0.0002215 -1 0.000175583 0.00104831 -0.000175351 -0.999999
ORIENTATION 0.0185 0.999999 0.000233738 0.00107857 0.000233543 -1 0.000181005 0.00107861 -0.000180753 -0.999999
ORIENTATION 0.019 0.999999 0.000246182 0.00110214 0.000245977 -1 0.000186348 0.00110219 -0.000186076 -0.999999
ORIENTATION 0.0195 0.999999 0.000258625 0.00112572 0.00025841 -1 0.000191691 0.00112577 -0.0001914 -0.999999
ORIENTATION 0.02 0.999999 0.000271748 0.00113973 0.000271523 -1 0.000196794 0.00113978 -0.000196484 -0.999999
ORIENTATION 0.0205 0.999999 0.00028487 0.00115374 0.000284637 -1 0.000201897 0.0011538 -0.000201569 -0.999999
ORIENTATION 0.021 0.999999 0.000297992 0.00116775 0.000297751 -1 0.000207001 0.00116781 -0.000206653 -0.999999
ORIENTATION 0.0215 0.999999 0.000311652 0.00117633 0.000311403 -1 0.000211854 0.00117639 -0.000211488 -0.999999
ORIENTATION 0.022 0.999999 0.000325313 0.00118491 0.000325056 -1 0.000216708 0.00118498 -0.000216323 -0.999999
ORIENTATION 0.0225 0.999999 0.0003399 0.00118775 0.000339637 -1 0.000221061 0.00118783 -0.000220657 -0.999999
ORIENTATION 0.023 0.999999 0.000354487 0.0011906 0.000354219 -1 0.000225413 0.00119068 -0.000224991 -0.999999
ORIENTATION 0.0235 0.999999 0.000369074 0.00119345 0.0003688 -1 0.000229766 0.00119353 -0.000229325 -0.999999
ORIENTATION 0.024 0.999999 0.000384332 0.00119445 0.000384053 -1 0.000233728 0.00119454 -0.000233269 -0.999999
ORIENTATION 0.0245 0.999999 0.00039959 0.00119545 0.000399306 -1 0.00023769 0.00119554 -0.000237213 -0.999999
ORIENTATION 0.025 0.999999 0.000415873 0.00119687 0.000415585 -1 0.000241037 0.00119697 -0.00024054 -0.999999
ORIENTATION 0.0255 0.999999 0.000432157 0.00119829 0.000431864 -1 0.000244385 0.00119839 -0.000243867 -0.999999
ORIENTATION 0.026 0.999999 0.00044844 0.00119971 0.000448143 -1 0.000247732 0.00119982 -0.000247194 -0.999999
ORIENTATION 0.0265 0.999999 0.000465398 0.00120345 0.000465097 -1 0.000250686 0.00120356 -0.000250127 -0.999999
ORIENTATION 0.027 0.999999 0.000482356 0.00120718 0.00048205 -1 0.000253641 0.00120731 -0.000253059 -0.999999
ORIENTATION 0.0275 0.999999 0.000500206 0.0012169 0.000499894 -1 0.000256115 0.00121703 -0.000255506 -0.999999
ORIENTATION 0.028 0.999999 0.000518055 0.00122662 0.000517738 -1 0.000258589 0.00122675 -0.000257954 -0.999999
ORIENTATION 0.0285 0.999999 0.000535905 0.00123633 0.000535582 -1 0.000261063 0.00123647 -0.000260401 -0.999999
ORIENTATION 0.029 0.999999 0.000554243 0.00125121 0.000553914 -1 0.000263322 0.00125136 -0.000262629 -0.999999
ORIENTATION 0.0295 0.999999 0.000572582 0.00126609 0.000572246 -1 0.000265582 0.00126624 -0.000264857 -0.999999
ORIENTATION 0.03 0.999999 0.000591427 0.00128945 0.000591082 -1 0.000267739 0.00128961 -0.000266976 -0.999999
ORIENTATION 0.0305 0.999999 0.000610272 0.00131281 0.000609918 -1 0.000269896 0.00131298 -0.000269095 -0.999999
ORIENTATION 0.031 0.999999 0.000629117 0.00133617 0.000628754 -1 0.000272054 0.00133634 -0.000271214 -0.999999
ORIENTATION 0.0315 0.999999 0.000648142 0.00136502 0.000647768 -1 0.000274302 0.0013652 -0.000273417 -0.999999
ORIENTATION 0.032 0.999999 0.000667168 0.00139387 0.000666783 -1 0.000276549 0.00139406 -0.00027562 -0.999999
ORIENTATION 0.0325 0.999999 0.000686202 0.00142969 0.000685804 -1 0.000279184 0.00142988 -0.000278203 -0.999999
ORIENTATION 0.033 0.999999 0.000705237 0.0014655 0.000704825 -1 0.000281819 0.0014657 -0.000280785 -0.999999
ORIENTATION 0.0335 0.999999 0.000724272 0.00150132 0.000723846 -1 0.000284454 0.00150153 -0.000283367 -0.999999
ORIENTATION 0.034 0.999999 0.000743166 0.00154041 0.000742724 -1 0.000287495 0.00154063 -0.00028635 -0.999999
ORIENTATION 0.0345 0.999998 0.000762061 0.00157951 0.000761603 -1 0.000290536 0.00157973 -0.000289333 -0.999999
ORIENTATION 0.035 0.999998 0.000780541 0.00162099 0.000780064 -1 0.000294378 0.00162122 -0.000293113 -0.999999
ORIENTATION 0.0355 0.999998 0.00079902 0.00166247 0.000798526 -1 0.000298221 0.00166271 -0.000296893 -0.999999
ORIENTATION 0.036 0.999998 0.0008175 0.00170396 0.000816987 -1 0.000302064 0.0017042 -0.000300672 -0.999999
ORIENTATION 0.0365 0.999998 0.000835615 0.00174518 0.000835082 -1 0.000306526 0.00174543 -0.000305068 -0.999998
ORIENTATION 0.037 0.999998 0.000853731 0.0017864 0.000853176 -1 0.000310987 0.00178666 -0.000309463 -0.999998
ORIENTATION 0.0375 0.999998 0.00087123 0.00182468 0.000870654 -1 0.00031643 0.00182495 -0.000314841 -0.999998
ORIENTATION 0.038 0.999998 0.000888729 0.00186296 0.000888131 -1 0.000321874 0.00186324 -0.000320219 -0.999998
ORIENTATION 0.0385 0.999998 0.000906229 0.00190123 0.000905608 -1 0.000327318 0.00190153 -0.000325596 -0.999998
ORIENTATION 0.039 0.999998 0.000923329 0.00193605 0.000922685 -1 0.000333396 0.00193636 -0.000331609 -0.999998
ORIENTATION 0.0395 0.999998 0.000940428 0.00197086 0.000939761 -1 0.000339475 0.00197118 -0.000337622 -0.999998
ORIENTATION 0.04 0.999998 0.000956985 0.00199906 0.000956294 -0.999999 0.000346411 0.00199939 -0.000344499 -0.999998
ORIENTATION 0.0405 0.999997 0.000973542 0.00202725 0.000972827 -0.999999 0.000353349 0.0020276 -0.000351375 -0.999998
ORIENTATION 0.041 0.999997 0.000990099 0.00205545 0.00098936 -0.999999 0.000360286 0.0020558 -0.000358252 -0.999998
ORIENTATION 0.0415 0.999997 0.00100638 0.00207874 0.00100562 -0.999999 0.000367685 0.0020791 -0.000365594 -0.999998
ORIENTATION 0.042 0.999997 0.00102267 0.00210202 0.00102188 -0.999999 0.000375084 0.0021024 -0.000372935 -0.999998
ORIENTATION 0.0425 0.999997 0.00103868 0.00211819 0.00103788 -0.999999 0.000382971 0.00211858 -0.000380771 -0.999998
ORIENTATION 0.043 0.999997 0.0010547 0.00213435 0.00105387 -0.999999 0.000390858 0.00213476 -0.000388607 -0.999998
ORIENTATION 0.0435 0.999997 0.00107072 0.00215051 0.00106986 -0.999999 0.000398745 0.00215094 -0.000396443 -0.999998
ORIENTATION 0.044 0.999997 0.00108667 0.00216254 0.0010858 -0.999999 0.000406799 0.00216298 -0.000404449 -0.999998
ORIENTATION 0.0445 0.999997 0.00110263 0.00217457 0.00110173 -0.999999 0.000414853 0.00217503 -0.000412456 -0.999998
ORIENTATION 0.045 0.999997 0.00111866 0.00218203 0.00111774 -0.999999 0.000422929 0.0021825 -0.000420489 -0.999998
ORIENTATION 0.0455 0.999997 0.00113468 0.00218948 0.00113374 -0.999999 0.000431006 0.00218997 -0.000428522 -0.999998
ORIENTATION 0.046 0.999997 0.00115071 0.00219694 0.00114974 -0.999999 0.000439082 0.00219744 -0.000436555 -0.999997
ORIENTATION 0.0465 0.999997 0.00116687 0.00220266 0.00116588 -0.999999 0.000447031 0.00220318 -0.000444461 -0.999997
ORIENTATION 0.047 0.999997 0.00118303 0.00220838 0.00118203 -0.999999 0.000454979 0.00220892 -0.000452368 -0.999997
ORIENTATION 0.0475 0.999997 0.00119948 0.0022136 0.00119846 -0.999999 0.000462574 0.00221415 -0.000459919 -0.999997
ORIENTATION 0.048 0.999997 0.00121593 0.00221882 0.00121489 -0.999999 0.000470168 0.00221939 -0.000467471 -0.999997
ORIENTATION 0.0485 0.999997 0.00123238 0.00222404 0.00123132 -0.999999 0.000477762 0.00222463 -0.000475022 -0.999997
ORIENTATION 0.049 0.999997 0.00124906 0.00223024 0.00124798 -0.999999 0.000485048 0.00223084 -0.000482263 -0.999997
ORIENTATION 0.0495 0.999997 0.00126573 0.00223644 0.00126463 -0.999999 0.000492333 0.00223706 -0.000489503 -0.999997
ORIENTATION 0.05 0.999997 0.00128271 0.00224558 0.00128159 -0.999999 0.000499097 0.00224622 -0.000496217 -0.999997
ORIENTATION 0.0505 0.999997 0.00129969 0.00225473 0.00129855 -0.999999 0.000505861 0.00225539 -0.000502932 -0.999997
ORIENTATION 0.051 0.999997 0.00131667 0.00226388 0.00131551 -0.999999 0.000512626 0.00226455 -0.000509646 -0.999997
ORIENTATION 0.0515 0.999997 0.00133382 0.00227564 0.00133264 -0.999999 0.000519036 0.00227633 -0.000516002 -0.999997
ORIENTATION 0.052 0.999996 0.00135096 0.0022874 0.00134977 -0.999999 0.000525447 0.0022881 -0.000522358 -0.999997
ORIENTATION 0.0525 0.999996 0.00136825 0.00230323 0.00136703 -0.999999 0.000531376 0.00230395 -0.000528226 -0.999997
ORIENTATION 0.053 0.999996 0.00138553 0.00231906 0.00138429 -0.999999 0.000537305 0.0023198 -0.000534093 -0.999997
ORIENTATION 0.0535 0.999996 0.00140282 0.0023349 0.00140155 -0.999999 0.000543235 0.00233566 -0.00053996 -0.999997
ORIENTATION 0.054 0.999996 0.00142016 0.00235321 0.00141887 -0.999999 0.000548703 0.00235399 -0.000545362 -0.999997
ORIENTATION 0.0545 0.999996 0.00143751 0.00237152 0.0014362 -0.999999 0.000554172 0.00237232 -0.000550764 -0.999997
ORIENTATION 0.055 0.999996 0.00145487 0.00239213 0.00145354 -0.999999 0.000558933 0.00239294 -0.000555453 -0.999997
ORIENTATION 0.0555 0.999996 0.00147223 0.00241274 0.00147088 -0.999999 0.000563694 0.00241357 -0.000560143 -0.999997
ORIENTATION 0.056 0.999996 0.00148959 0.00243335 0.00148821 -0.999999 0.000568455 0.00243419 -0.000564832 -0.999997
ORIENTATION 0.0565 0.999996 0.00150694 0.00245419 0.00150554 -0.999999 0.000572713 0.00245505 -0.000569016 -0.999997
ORIENTATION 0.057 0.999996 0.00152429 0.00247504 0.00152287 -0.999999 0.000576971 0.00247592 -0.0005732 -0.999997
ORIENTATION 0.0575 0.999996 0.00154161 0.00249405 0.00154017 -0.999999 0.000580388 0.00249495 -0.000576544 -0.999997
ORIENTATION 0.058 0.999996 0.00155893 0.00251307 0.00155747 -0.999999 0.000583806 0.00251398 -0.000579889 -0.999997
ORIENTATION 0.0585 0.999996 0.00157625 0.00253208 0.00157477 -0.999999 0.000587223 0.00253301 -0.000583233 -0.999997
ORIENTATION 0.059 0.999995 0.00159359 0.00254839 0.00159209 -0.999999 0.000589993 0.00254933 -0.000585933 -0.999997
ORIENTATION 0.0595 0.999995 0.00161092 0.00256469 0.00160941 -0.999999 0.000592763 0.00256565 -0.000588633 -0.999997
ORIENTATION 0.06 0.999995 0.00162838 0.00257501 0.00162685 -0.999999 0.000594353 0.00257597 -0.000590161 -0.999997
ORIENTATION 0.0605 0.999995 0.00164583 0.00258532 0.0016443 -0.999998 0.000595942 0.0025863 -0.000591688 -0.999996
ORIENTATION 0.061 0.999995 0.00166329 0.00259563 0.00166174 -0.999998 0.000597532 0.00259662 -0.000593215 -0.999996
ORIENTATION 0.0615 0.999995 0.00168094 0.00260096 0.00167939 -0.999998 0.000598144 0.00260196 -0.000593773 -0.999996
ORIENTATION 0.062 0.999995 0.0016986 0.00260628 0.00169705 -0.999998 0.000598756 0.00260729 -0.000594331 -0.999996
ORIENTATION 0.0625 0.999995 0.00171679 0.0026033 0.00171524 -0.999998 0.000597546 0.00260432 -0.000593078 -0.999996
ORIENTATION 0.063 0.999995 0.00173498 0.00260032 0.00173344 -0.999998 0.000596335 0.00260135 -0.000591825 -0.999996
ORIENTATION 0.0635 0.999995 0.00175317 0.00259735 0.00175163 -0.999998 0.000595124 0.00259838 -0.000590572 -0.999996
ORIENTATION 0.064 0.999995 0.0017719 0.00258873 0.00177037 -0.999998 0.000592426 0.00258978 -0.00058784 -0.999996
ORIENTATION 0.0645 0.999995 0.00179063 0.00258012 0.00178911 -0.999998 0.000589727 0.00258117 -0.000585108 -0.999996
ORIENTATION 0.065 0.999995 0.00181045 0.00256366 0.00180896 -0.999998 0.00058435 0.00256472 -0.000579709 -0.999997
ORIENTATION 0.0655 0.999995 0.00183027 0.0025472 0.0018288 -0.999998 0.000578972 0.00254826 -0.000574311 -0.999997
ORIENTATION 0.066 0.999995 0.00185009 0.00253074 0.00184865 -0.999998 0.000573595 0.0025318 -0.000568913 -0.999997
ORIENTATION 0.0665 0.999995 0.00187083 0.00250985 0.00186942 -0.999998 0.000566131 0.00251091 -0.000561436 -0.999997
ORIENTATION 0.067 0.999995 0.00189157 0.00248896 0.00189019 -0.999998 0.000558666 0.00249001 -0.000553959 -0.999997
ORIENTATION 0.0675 0.999995 0.00191394 0.00246307 0.00191259 -0.999998 0.000547641 0.00246412 -0.000542927 -0.999997
ORIENTATION 0.068 0.999995 0.0019363 0.00243719 0.001935 -0.999998 0.000536614 0.00243822 -0.000531896 -0.999997
ORIENTATION 0.0685 0.999995 0.00195867 0.0024113 0.00195741 -0.999998 0.000525588 0.00241233 -0.000520865 -0.999997
ORIENTATION 0.069 0.999995 0.00198225 0.00238335 0.00198104 -0.999998 0.00051193 0.00238436 -0.000507207 -0.999997
ORIENTATION 0.0695 0.999995 0.00200584 0.00235541 0.00200467 -0.999998 0.000498273 0.0023564 -0.000493549 -0.999997
ORIENTATION 0.07 0.999995 0.00203137 0.00232624 0.00203026 -0.999998 0.00048035 0.00232721 -0.000475625 -0.999997
ORIENTATION 0.0705 0.999995 0.0020569 0.00229708 0.00205584 -0.999998 0.000462426 0.00229802 -0.000457702 -0.999997
ORIENTATION 0.071 0.999995 0.00208243 0.00226791 0.00208143 -0.999998 0.000444502 0.00226883 -0.000439779 -0.999997
ORIENTATION 0.0715 0.999995 0.00210931 0.00223905 0.00210836 -0.999998 0.000423565 0.00223994 -0.000418842 -0.999997
ORIENTATION 0.072 0.999995 0.00213618 0.0022102 0.00213529 -0.999998 0.000402627 0.00221105 -0.000397906 -0.999997
ORIENTATION 0.0725 0.999995 0.00216499 0.00218305 0.00216417 -0.999998 0.000377039 0.00218386 -0.000372313 -0.999998
ORIENTATION 0.073 0.999995 0.0021938 0.0021559 0.00219305 -0.999998 0.000351451 0.00215667 -0.000346721 -0.999998
ORIENTATION 0.0735 0.999995 0.00222261 0.00212876 0.00222192 -0.999997 0.000325861 0.00212948 -0.00032113 -0.999998
ORIENTATION 0.074 0.999995 0.00225265 0.00210321 0.00225203 -0.999997 0.000297115 0.00210387 -0.000292377 -0.999998
ORIENTATION 0.0745 0.999995 0.00228268 0.00207766 0.00228213 -0.999997 0.000268368 0.00207827 -0.000263625 -0.999998
ORIENTATION 0.075 0.999995 0.00231434 0.0020546 0.00231386 -0.999997 0.00023493 0.00205514 -0.000230175 -0.999998
ORIENTATION 0.0755 0.999995 0.002346 0.00203155 0.00234559 -0.999997 0.000201491 0.00203201 -0.000196725 -0.999998
ORIENTATION 0.076 0.999995 0.00237766 0.00200849 0.00237732 -0.999997 0.000168051 0.00200889 -0.000163276 -0.999998
ORIENTATION 0.0765 0.999995 0.00241026 0.00198674 0.00241001 -0.999997 0.000131519 0.00198705 -0.00012673 -0.999998
ORIENTATION 0.077 0.999995 0.00244287 0.00196499 0.00244269 -0.999997 9.49853e-05 0.00196521 -9.0185e-05 -0.999998
ORIENTATION 0.0775 0.999995 0.00247661 0.00194421 0.00247651 -0.999997 5.39706e-05 0.00194434 -4.91555e-05 -0.999998
ORIENTATION 0.078 0.999995 0.00251036 0.00192344 0.00251034 -0.999997 1.29552e-05 0.00192347 -8.12665e-06 -0.999998
ORIENTATION 0.0785 0.999995 0.0025441 0.00190267 0.00254416 -0.999997 -2.80609e-05 0.00190259 3.29015e-05 -0.999998
ORIENTATION 0.079 0.999995 0.00257845 0.00188162 0.00257859 -0.999997 -7.19795e-05 0.00188143 7.68311e-05 -0.999998
ORIENTATION 0.0795 0.999995 0.00261281 0.00186057 0.00261303 -0.999997 -0.000115899 0.00186026 0.00012076 -0.999998
ORIENTATION 0.08 0.999995 0.00264783 0.00183766 0.00264814 -0.999996 -0.000163982 0.00183722 0.000168847 -0.999998
ORIENTATION 0.0805 0.999995 0.00268286 0.00181475 0.00268325 -0.999996 -0.000212065 0.00181418 0.000216934 -0.999998
ORIENTATION 0.081 0.999995 0.00271788 0.00179184 0.00271835 -0.999996 -0.00026015 0.00179113 0.000265019 -0.999998
ORIENTATION 0.0815 0.999995 0.00275326 0.00176668 0.00275381 -0.999996 -0.000310924 0.00176582 0.000315787 -0.999998
ORIENTATION 0.082 0.999995 0.00278864 0.00174152 0.00278927 -0.999996 -0.000361698 0.00174051 0.000366554 -0.999998
ORIENTATION 0.0825 0.999995 0.00282438 0.00171193 0.0028251 -0.999996 -0.000416348 0.00171075 0.000421182 -0.999998
ORIENTATION 0.083 0.999994 0.00286013 0.00168234 0.00286093 -0.999996 -0.000471 0.00168098 0.00047581 -0.999998
ORIENTATION 0.0835 0.999994 0.00289588 0.00165275 0.00289675 -0.999996 -0.000525652 0.00165122 0.000530437 -0.999998
ORIENTATION 0.084 0.999994 0.00293184 0.00161965 0.00293279 -0.999996 -0.000582827 0.00161793 0.000587574 -0.999999
ORIENTATION 0.0845 0.999994 0.00296781 0.00158654 0.00296883 -0.999995 -0.000640004 0.00158464 0.00064471 -0.999999
ORIENTATION 0.085 0.999994 0.00300405 0.0015481 0.00300514 -0.999995 -0.000700845 0.00154599 0.000705493 -0.999999
ORIENTATION 0.0855 0.999994 0.0030403 0.00150966 0.00304145 -0.999995 -0.000761687 0.00150733 0.000766274 -0.999999
ORIENTATION 0.086 0.999994 0.00307655 0.00147122 0.00307776 -0.999995 -0.000822531 0.00146868 0.000827054 -0.999999
ORIENTATION 0.0865 0.999994 0.00311302 0.0014294 0.00311429 -0.999995 -0.000885794 0.00142664 0.00089024 -0.999999
ORIENTATION 0.087 0.999994 0.00314949 0.00138759 0.00315081 -0.999995 -0.000949058 0.00138459 0.000953424 -0.999999
ORIENTATION 0.0875 0.999994 0.00318632 0.00134178 0.00318768 -0.999994 -0.00101586 0.00133854 0.00102013 -0.999999
ORIENTATION 0.088 0.999994 0.00322315 0.00129598 0.00322455 -0.999994 -0.00108266 0.00129248 0.00108683 -0.999999
ORIENTATION 0.0885 0.999994 0.00325998 0.00125018 0.00326142 -0.999994 -0.00114946 0.00124642 0.00115353 -0.999999
ORIENTATION 0.089 0.999994 0.00329709 0.0012026 0.00329856 -0.999994 -0.00121858 0.00119858 0.00122254 -0.999999
ORIENTATION 0.0895 0.999994 0.00333421 0.00115503 0.00333569 -0.999994 -0.0012877 0.00115073 0.00129154 -0.999999
ORIENTATION 0.09 0.999994 0.00337173 0.00110666 0.00337324 -0.999993 -0.00136016 0.00110207 0.00136388 -0.999998
ORIENTATION 0.0905 0.999994 0.00340927 0.00105829 0.00341078 -0.999993 -0.00143262 0.0010534 0.00143622 -0.999998
ORIENTATION 0.091 0.999994 0.0034468 0.00100993 0.00344832 -0.999993 -0.00150508 0.00100474 0.00150856 -0.999998
ORIENTATION 0.0915 0.999993 0.00348463 0.000962285 0.00348615 -0.999993 -0.0015797 0.000956773 0.00158305 -0.999998
ORIENTATION 0.092 0.999993 0.00352247 0.000914642 0.00352397 -0.999992 -0.00165432 0.000908808 0.00165753 -0.999998
ORIENTATION 0.0925 0.999993 0.00356067 0.000870037 0.00356217 -0.999992 -0.00173195 0.000863864 0.00173504 -0.999998
ORIENTATION 0.093 0.999993 0.00359887 0.000825436 0.00360036 -0.999992 -0.00180958 0.000818917 0.00181254 -0.999998
ORIENTATION 0.0935 0.999993 0.00363708 0.000780838 0.00363855 -0.999992 -0.00188721 0.000773967 0.00189004 -0.999998
ORIENTATION 0.094 0.999993 0.00367549 0.000739342 0.00367694 -0.999991 -0.00196671 0.000732107 0.00196941 -0.999998
ORIENTATION 0.0945 0.999993 0.00371391 0.000697849 0.00371533 -0.999991 -0.00204621 0.000690244 0.00204878 -0.999998
ORIENTATION 0.095 0.999993 0.00375245 0.000662416 0.00375385 -0.999991 -0.00212816 0.000654424 0.00213063 -0.999998
ORIENTATION 0.0955 0.999993 0.003791 0.000626986 0.00379237 -0.99999 -0.00221012 0.000618601 0.00221248 -0.999997
ORIENTATION 0.096 0.999992 0.00382954 0.000591559 0.00383089 -0.99999 -0.00229207 0.000582776 0.00229432 -0.999997
ORIENTATION 0.0965 0.999992 0.00386807 0.000560721 0.00386939 -0.99999 -0.00237545 0.000551527 0.00237761 -0.999997
ORIENTATION 0.097 0.999992 0.0039066 0.000529887 0.00390789 -0.999989 -0.00245884 0.000520275 0.00246089 -0.999997
ORIENTATION 0.0975 0.999992 0.00394485 0.000506367 0.00394613 -0.999989 -0.00254395 0.000496326 0.00254592 -0.999997
ORIENTATION 0.098 0.999992 0.0039831 0.000482851 0.00398436 -0.999989 -0.00262905 0.000472374 0.00263096 -0.999996
ORIENTATION 0.0985 0.999992 0.00402135 0.000459338 0.00402258 -0.999988 -0.00271416 0.000448418 0.00271599 -0.999996
ORIENTATION 0.099 0.999992 0.00405912 0.000442321 0.00406035 -0.999988 -0.00280045 0.000430948 0.00280222 -0.999996
ORIENTATION 0.0995 0.999992 0.0040969 0.000425308 0.00409811 -0.999987 -0.00288673 0.000413476 0.00288845 -0.999996
ORIENTATION 0.1 0.999991 0.00413425 0.00041426 0.00413547 -0.999987 -0.00297514 0.000401954 0.00297683 -0.999995
ORIENTATION 0.1005 0.999991 0.00417161 0.000403215 0.00417282 -0.999987 -0.00306355 0.000390429 0.0030652 -0.999995
ORIENTATION 0.101 0.999991 0.00420896 0.000392173 0.00421018 -0.999986 -0.00315195 0.000378901 0.00315358 -0.999995
ORIENTATION 0.1015 0.999991 0.00424584 0.000387935 0.00424708 -0.999986 -0.00324291 0.000374161 0.00324453 -0.999995
ORIENTATION 0.102 0.999991 0.00428272 0.0003837 0.00428398 -0.999985 -0.00333386 0.000369417 0.00333548 -0.999994
ORIENTATION 0.1025 0.999991 0.00431906 0.00038483 0.00432035 -0.999985 -0.00342694 0.000370023 0.00342857 -0.999994
ORIENTATION 0.103 0.99999 0.0043554 0.000385963 0.00435673 -0.999984 -0.00352002 0.000370626 0.00352167 -0.999994
ORIENTATION 0.1035 0.99999 0.00439173 0.0003871 0.0043931 -0.999984 -0.0036131 0.000371226 0.00361477 -0.999993
ORIENTATION 0.104 0.99999 0.00442739 0.000392202 0.00442882 -0.999983 -0.00370774 0.00037578 0.00370944 -0.999993
ORIENTATION 0.1045 0.99999 0.00446305 0.000397308 0.00446453 -0.999983 -0.00380237 0.000380331 0.0038041 -0.999993
ORIENTATION 0.105 0.99999 0.00449746 0.000407662 0.00449901 -0.999982 -0.00389933 0.000390117 0.00390112 -0.999992
ORIENTATION 0.1055 0.99999 0.00453186 0.000418019 0.00453349 -0.999982 -0.00399629 0.0003999 0.00399815 -0.999992
ORIENTATION 0.106 0.999989 0.00456626 0.000428379 0.00456797 -0.999981 -0.00409326 0.00040968 0.00409517 -0.999992
ORIENTATION 0.1065 0.999989 0.00459974 0.000441915 0.00460155 -0.999981 -0.00419196 0.000422625 0.00419395 -0.999991
ORIENTATION 0.107 0.999989 0.00463322 0.000455455 0.00463513 -0.99998 -0.00429067 0.000435566 0.00429273 -0.999991
ORIENTATION 0.1075 0.999989 0.00466518 0.000473773 0.00466722 -0.999979 -0.00439228 0.000453272 0.00439445 -0.99999
ORIENTATION 0.108 0.999989 0.00469714 0.000492094 0.00469931 -0.999979 -0.0044939 0.000470975 0.00449616 -0.99999
ORIENTATION 0.1085 0.999989 0.00472911 0.000510418 0.0047314 -0.999978 -0.00459551 0.000488674 0.00459787 -0.999989
ORIENTATION 0.109 0.999989 0.00476004 0.000531951 0.00476248 -0.999978 -0.00469925 0.00050957 0.00470173 -0.999989
ORIENTATION 0.1095 0.999988 0.00479097 0.000553487 0.00479357 -0.999977 -0.00480299 0.000530463 0.00480559 -0.999988
ORIENTATION 0.11 0.999988 0.00482026 0.000580288 0.00482306 -0.999976 -0.00491005 0.000556607 0.00491279 -0.999988
ORIENTATION 0.1105 0.999988 0.00484956 0.000607093 0.00485255 -0.999976 -0.00501711 0.000582747 0.00502 -0.999987
ORIENTATION 0.111 0.999988 0.00487885 0.0006339 0.00488204 -0.999975 -0.00512418 0.000608884 0.00512721 -0.999987
ORIENTATION 0.1115 0.999988 0.00490707 0.000664463 0.00491048 -0.999974 -0.00523363 0.000638764 0.00523682 -0.999986
ORIENTATION 0.112 0.999988 0.00493528 0.000695029 0.00493892 -0.999974 -0.00534307 0.000668641 0.00534644 -0.999985
ORIENTATION 0.1125 0.999987 0.00496182 0.000731918 0.00496574 -0.999973 -0.00545628 0.000704825 0.00545985 -0.999985
ORIENTATION 0.113 0.999987 0.00498836 0.00076881 0.00499256 -0.999972 -0.00556948 0.000741006 0.00557325 -0.999984
ORIENTATION 0.1135 0.999987 0.00501489 0.000805706 0.00501939 -0.999971 -0.00568269 0.000777184 0.00568666 -0.999984
ORIENTATION 0.114 0.999987 0.00504037 0.000847267 0.0050452 -0.99997 -0.00579868 0.000818014 0.00580288 -0.999983
ORIENTATION 0.1145 0.999987 0.00506583 0.000888831 0.005071 -0.99997 -0.00591467 0.000858841 0.0059191 -0.999982
ORIENTATION 0.115 0.999987 0.00508971 0.00093837 0.00509528 -0.999969 -0.00603529 0.000907623 0.00603999 -0.999981
ORIENTATION 0.1155 0.999986 0.00511357 0.000987913 0.00511956 -0.999968 -0.00615591 0.000956403 0.00616089 -0.999981
ORIENTATION 0.116 0.999986 0.00513743 0.00103746 0.00514385 -0.999967 -0.00627653 0.00100518 0.00628178 -0.99998
ORIENTATION 0.1165 0.999986 0.00516021 0.00109286 0.0051671 -0.999966 -0.00640049 0.00105979 0.00640605 -0.999979
ORIENTATION 0.117 0.999986 0.00518297 0.00114826 0.00519036 -0.999965 -0.00652445 0.00111441 0.00653032 -0.999978
ORIENTATION 0.1175 0.999986 0.00520389 0.00121307 0.00521185 -0.999964 -0.00665353 0.0011784 0.00665975 -0.999977
ORIENTATION 0.118 0.999986 0.0052248 0.00127787 0.00523335 -0.999963 -0.00678259 0.00124239 0.00678918 -0.999976
ORIENTATION 0.1185 0.999985 0.0052457 0.00134268 0.00525486 -0.999962 -0.00691166 0.00130638 0.00691862 -0.999975
ORIENTATION 0.119 0.999985 0.00526523 0.00141387 0.00527507 -0.999961 -0.00704418 0.00137673 0.00705154 -0.999974
ORIENTATION 0.1195 0.999985 0.00528476 0.00148506 0.00529528 -0.99996 -0.0071767 0.00144707 0.00718446 -0.999973
ORIENTATION 0.12 0.999985 0.0053019 0.00156557 0.00531322 -0.999959 -0.00731426 0.00152673 0.00732247 -0.999972
ORIENTATION 0.1205 0.999984 0.00531904 0.00164609 0.00533116 -0.999958 -0.00745182 0.00160639 0.00746048 -0.999971
ORIENTATION 0.121 0.999984 0.00533616 0.00172662 0.00534912 -0.999957 -0.00758937 0.00168604 0.00759849 -0.99997
ORIENTATION 0.1215 0.999984 0.00535154 0.00181285 0.0053654 -0.999956 -0.00773023 0.0017714 0.00773983 -0.999968
ORIENTATION 0.122 0.999984 0.00536691 0.00189909 0.0053817 -0.999955 -0.00787109 0.00185676 0.00788118 -0.999967
ORIENTATION 0.1225 0.999984 0.0053794 0.00199269 0.00539522 -0.999953 -0.00801673 0.00194947 0.00802735 -0.999966
ORIENTATION 0.123 0.999983 0.00539189 0.00208629 0.00540875 -0.999952 -0.00816237 0.00204218 0.00817352 -0.999965
ORIENTATION 0.1235 0.999983 0.00540435 0.00217989 0.00542229 -0.999951 -0.00830801 0.00213488 0.00831968 -0.999963
ORIENTATION 0.124 0.999983 0.00541485 0.00227729 0.00543393 -0.999949 -0.00845683 0.00223139 0.00846906 -0.999962
ORIENTATION 0.1245 0.999982 0.00542533 0.0023747 0.00544558 -0.999948 -0.00860566 0.00232788 0.00861844 -0.99996
ORIENTATION 0.125 0.999982 0.00543279 0.00247589 0.00545429 -0.999947 -0.00875926 0.00242817 0.00877261 -0.999959
ORIENTATION 0.1255 0.999982 0.00544025 0.00257708 0.00546302 -0.999945 -0.00891286 0.00252845 0.00892678 -0.999957
ORIENTATION 0.126 0.999982 0.00544768 0.00267828 0.00547176 -0.999944 -0.00906646 0.00262874 0.00908095 -0.999955
ORIENTATION 0.1265 0.999981 0.00545323 0.00278054 0.00547866 -0.999942 -0.00922341 0.00273008 0.00923847 -0.999954
ORIENTATION 0.127 0.999981 0.00545876 0.0028828 0.00548558 -0.999941 -0.00938037 0.00283142 0.009396 -0.999952
ORIENTATION 0.1275 0.999981 0.00546172 0.00298446 0.00548997 -0.999939 -0.00954266 0.00293216 0.00955886 -0.99995
ORIENTATION 0.128 0.99998 0.00546466 0.00308613 0.00549438 -0.999938 -0.00970496 0.0030329 0.00972172 -0.999948
ORIENTATION 0.1285 0.99998 0.00546758 0.00318779 0.0054988 -0.999936 -0.00986725 0.00313364 0.00988458 -0.999946
ORIENTATION 0.129 0.99998 0.00546911 0.00328756 0.00550184 -0.999935 -0.0100335 0.00323247 0.0100514 -0.999944
ORIENTATION 0.1295 0.999979 0.00547061 0.00338734 0.00550491 -0.999933 -0.0101997 0.00333131 0.0102181 -0.999942
ORIENTATION 0.13 0.999979 0.00547055 0.00348238 0.00550641 -0.999931 -0.0103724 0.00342539 0.0103914 -0.99994
ORIENTATION 0.1305 0.999979 0.00547047 0.00357742 0.00550792 -0.999929 -0.0105452 0.00351948 0.0105647 -0.999938
ORIENTATION 0.131 0.999978 0.00547037 0.00367246 0.00550945 -0.999927 -0.0107179 0.00361356 0.0107379 -0.999936
ORIENTATION 0.1315 0.999978 0.00546968 0.00376317 0.0055104 -0.999925 -0.0108955 0.0037033 0.010916 -0.999934
ORIENTATION 0.132 0.999978 0.00546898 0.00385389 0.00551136 -0.999924 -0.0110732 0.00379303 0.0110942 -0.999931
ORIENTATION 0.1325 0.999977 0.00546808 0.00393685 0.0055121 -0.999921 -0.0112589 0.00387498 0.0112804 -0.999929
ORIENTATION 0.133 0.999977 0.00546716 0.00401982 0.00551285 -0.999919 -0.0114447 0.00395692 0.0114666 -0.999926
ORIENTATION 0.1335 0.999977 0.00546623 0.00410278 0.00551362 -0.999917 -0.0116304 0.00403887 0.0116527 -0.999924
ORIENTATION 0.134 0.999976 0.00546565 0.00417991 0.00551473 -0.999915 -0.0118221 0.00411494 0.0118449 -0.999921
ORIENTATION 0.1345 0.999976 0.00546505 0.00425705 0.00551585 -0.999913 -0.0120139 0.00419102 0.0120371 -0.999919
ORIENTATION 0.135 0.999976 0.00546562 0.00432499 0.00551809 -0.99991 -0.0122153 0.00425783 0.0122389 -0.999916
ORIENTATION 0.1355 0.999975 0.00546617 0.00439293 0.00552035 -0.999908 -0.0124168 0.00432465 0.0124408 -0.999913
ORIENTATION 0.136 0.999975 0.00546671 0.00446087 0.00552261 -0.999905 -0.0126183 0.00439147 0.0126426 -0.99991
ORIENTATION 0.1365 0.999975 0.00546839 0.00452255 0.00552601 -0.999902 -0.0128267 0.00445197 0.0128513 -0.999908
ORIENTATION 0.137 0.999975 0.00547007 0.00458424 0.00552942 -0.9999 -0.0130351 0.00451247 0.0130601 -0.999905
ORIENTATION 0.1375 0.999974 0.00547386 0.0046368 0.00553489 -0.999897 -0.0132544 0.00456377 0.0132797 -0.999901
ORIENTATION 0.138 0.999974 0.00547764 0.00468937 0.00554038 -0.999894 -0.0134736 0.00461507 0.0134993 -0.999898
ORIENTATION 0.1385 0.999974 0.0054814 0.00474194 0.00554588 -0.999891 -0.0136929 0.00466637 0.0137188 -0.999895
ORIENTATION 0.139 0.999973 0.00548674 0.0047887 0.00555293 -0.999888 -0.0139196 0.00471179 0.0139458 -0.999892
ORIENTATION 0.1395 0.999973 0.00549207 0.00483546 0.00555999 -0.999884 -0.0141463 0.00475721 0.0141728 -0.999888
ORIENTATION 0.14 0.999973 0.00549977 0.00487424 0.00556938 -0.999881 -0.0143843 0.00479455 0.014411 -0.999885
ORIENTATION 0.1405 0.999973 0.00550746 0.00491302 0.00557877 -0.999878 -0.0146222 0.00483189 0.0146492 -0.999881
ORIENTATION 0.141 0.999973 0.00551514 0.0049518 0.00558818 -0.999874 -0.0148601 0.00486922 0.0148874 -0.999877
ORIENTATION 0.1415 0.999972 0.00552431 0.00498573 0.00559906 -0.99987 -0.0151054 0.00490164 0.0151329 -0.999873
ORIENTATION 0.142 0.999972 0.00553347 0.00501966 0.00560995 -0.999866 -0.0153507 0.00493405 0.0153784 -0.99987
ORIENTATION 0.1425 0.999972 0.00554453 0.00504713 0.0056227 -0.999862 -0.0156067 0.0049599 0.0156346 -0.999865
ORIENTATION 0.143 0.999972 0.00555559 0.00507459 0.00563545 -0.999858 -0.0158627 0.00498575 0.0158908 -0.999861
ORIENTATION 0.1435 0.999971 0.00556663 0.00510206 0.00564822 -0.999854 -0.0161187 0.00501159 0.016147 -0.999857
ORIENTATION 0.144 0.999971 0.00557865 0.00512565 0.00566194 -0.99985 -0.0163815 0.00503349 0.01641 -0.999853
ORIENTATION 0.1445 0.999971 0.00559066 0.00514924 0.00567567 -0.999845 -0.0166443 0.00505539 0.016673 -0.999848
ORIENTATION 0.145 0.999971 0.00560355 0.00516768 0.00569024 -0.999841 -0.0169167 0.00507207 0.0169456 -0.999844
ORIENTATION 0.1455 0.999971 0.00561642 0.00518613 0.00570481 -0.999836 -0.0171891 0.00508873 0.0172182 -0.999839
ORIENTATION 0.146 0.999971 0.0056293 0.00520457 0.00571939 -0.999831 -0.0174615 0.0051054 0.0174907 -0.999834
ORIENTATION 0.1465 0.99997 0.00564237 0.00521985 0.00573416 -0.999826 -0.0177399 0.00511885 0.0177693 -0.999829
ORIENTATION 0.147 0.99997 0.00565544 0.00523513 0.00574892 -0.999821 -0.0180182 0.00513229 0.0180478 -0.999824
ORIENTATION 0.1475 0.99997 0.00566818 0.005246 0.00576333 -0.999816 -0.0183049 0.00514128 0.0183346 -0.999819
ORIENTATION 0.148 0.99997 0.00568091 0.00525688 0.00577774 -0.99981 -0.0185916 0.00515026 0.0186214 -0.999813
ORIENTATION 0.1485 0.99997 0.00569365 0.00526775 0.00579216 -0.999805 -0.0188783 0.00515924 0.0189083 -0.999808
ORIENTATION 0.149 0.99997 0.00570583 0.00527573 0.005806 -0.999799 -0.0191702 0.00516529 0.0192003 -0.999802
ORIENTATION 0.1495 0.99997 0.005718 0.00528372 0.00581983 -0.999794 -0.0194621 0.00517134 0.0194923 -0.999797
ORIENTATION 0.15 0.99997 0.00572889 0.00528742 0.00583234 -0.999788 -0.0197614 0.00517309 0.0197917 -0.999791
ORIENTATION 0.1505 0.99997 0.00573978 0.00529113 0.00584484 -0.999782 -0.0200607 0.00517483 0.020091 -0.999785
ORIENTATION 0.151 0.999969 0.00575066 0.00529484 0.00585735 -0.999776 -0.02036 0.00517657 0.0203904 -0.999779
ORIENTATION 0.1515 0.999969 0.00576051 0.00529558 0.00586879 -0.999769 -0.0206641 0.00517533 0.0206946 -0.999772
ORIENTATION 0.152 0.999969 0.00577036 0.00529633 0.00588023 -0.999763 -0.0209682 0.00517408 0.0209987 -0.999766
ORIENTATION 0.1525 0.999969 0.00577848 0.00529256 0.00588988 -0.999756 -0.0212795 0.00516831 0.02131 -0.99976
ORIENTATION 0.153 0.999969 0.00578661 0.00528879 0.00589953 -0.999749 -0.0215907 0.00516253 0.0216212 -0.999753
ORIENTATION 0.1535 0.999969 0.00579474 0.00528503 0.00590918 -0.999743 -0.0219019 0.00515675 0.0219325 -0.999746
ORIENTATION 0.154 0.999969 0.00580174 0.0052781 0.00591766 -0.999736 -0.0222181 0.0051478 0.0222486 -0.999739
ORIENTATION 0.1545 0.999969 0.00580875 0.00527117 0.00592614 -0.999729 -0.0225342 0.00513884 0.0225648 -0.999732
ORIENTATION 0.155 0.999969 0.00581422 0.00525945 0.005933 -0.999721 -0.022858 0.00512508 0.0228885 -0.999725
ORIENTATION 0.1555 0.999969 0.00581969 0.00524773 0.00593985 -0.999714 -0.0231818 0.00511132 0.0232123 -0.999717
ORIENTATION 0.156 0.999969 0.00582516 0.00523601 0.00594671 -0.999706 -0.0235056 0.00509755 0.0235361 -0.99971
ORIENTATION 0.1565 0.999969 0.00582981 0.005221 0.00595268 -0.999698 -0.0238349 0.00508047 0.0238653 -0.999702
ORIENTATION 0.157 0.999969 0.00583447 0.00520599 0.00595865 -0.99969 -0.0241642 0.0050634 0.0241945 -0.999694
ORIENTATION 0.1575 0.99997 0.00583824 0.00518615 0.00596364 -0.999682 -0.0245023 0.00504145 0.0245325 -0.999686
ORIENTATION 0.158 0.99997 0.00584201 0.00516631 0.00596862 -0.999674 -0.0248403 0.0050195 0.0248704 -0.999678
ORIENTATION 0.1585 0.99997 0.00584579 0.00514646 0.0059736 -0.999665 -0.0251784 0.00499755 0.0252084 -0.99967
ORIENTATION 0.159 0.99997 0.00584927 0.00512343 0.0059782 -0.999656 -0.0255227 0.00497238 0.0255526 -0.999661
ORIENTATION 0.1595 0.99997 0.00585275 0.00510039 0.0059828 -0.999647 -0.0258671 0.0049472 0.0258968 -0.999652
ORIENTATION 0.16 0.99997 0.00585614 0.00507283 0.00598721 -0.999638 -0.0262215 0.00491744 0.0262511 -0.999643
ORIENTATION 0.1605 0.99997 0.00585954 0.00504528 0.00599162 -0.999629 -0.0265759 0.00488768 0.0266053 -0.999634
ORIENTATION 0.161 0.99997 0.00586295 0.00501773 0.00599602 -0.999619 -0.0269302 0.00485793 0.0269595 -0.999625
ORIENTATION 0.1615 0.99997 0.00586656 0.0049873 0.00600055 -0.99961 -0.0272917 0.00482524 0.0273208 -0.999615
ORIENTATION 0.162 0.99997 0.00587017 0.00495687 0.00600507 -0.9996 -0.0276531 0.00479255 0.0276821 -0.999605
ORIENTATION 0.1625 0.999971 0.00587432 0.00492253 0.00601004 -0.999589 -0.0280255 0.00475588 0.0280543 -0.999595
ORIENTATION 0.163 0.999971 0.00587848 0.00488819 0.00601499 -0.999579 -0.0283979 0.0047192 0.0284265 -0.999585
ORIENTATION 0.1635 0.999971 0.00588265 0.00485386 0.00601993 -0.999568 -0.0287703 0.00468252 0.0287987 -0.999574
ORIENTATION 0.164 0.999971 0.0058873 0.00481712 0.00602528 -0.999557 -0.0291502 0.00464337 0.0291783 -0.999563
ORIENTATION 0.1645 0.999971 0.00589196 0.00478039 0.00603062 -0.999546 -0.02953 0.00460423 0.029558 -0.999552
ORIENTATION 0.165 0.999971 0.00589731 0.00474048 0.00603658 -0.999534 -0.0299211 0.00456182 0.0299488 -0.999541
ORIENTATION 0.1655 0.999972 0.00590268 0.00470058 0.00604252 -0.999522 -0.0303121 0.00451941 0.0303396 -0.999529
ORIENTATION 0.166 0.999972 0.00590807 0.00466068 0.00604844 -0.99951 -0.0307031 0.004477 0.0307304 -0.999518
ORIENTATION 0.1665 0.999972 0.00591387 0.00461886 0.00605473 -0.999498 -0.0311015 0.00443261 0.0311286 -0.999506
ORIENTATION 0.167 0.999972 0.00591969 0.00457705 0.00606099 -0.999485 -0.0314999 0.00438822 0.0315267 -0.999493
ORIENTATION 0.1675 0.999972 0.00592586 0.0045327 0.00606753 -0.999472 -0.0319089 0.00434123 0.0319355 -0.999481
ORIENTATION 0.168 0.999972 0.00593204 0.00448837 0.00607406 -0.999459 -0.0323179 0.00429423 0.0323443 -0.999468
ORIENTATION 0.1685 0.999972 0.00593825 0.00444403 0.00608057 -0.999446 -0.0327269 0.00424723 0.032753 -0.999454
ORIENTATION 0.169 0.999973 0.0059445 0.00439811 0.00608705 -0.999432 -0.0331427 0.0041986 0.0331686 -0.999441
ORIENTATION 0.1695 0.999973 0.00595077 0.0043522 0.00609352 -0.999418 -0.0335585 0.00414997 0.0335841 -0.999427
ORIENTATION 0.17 0.999973 0.00595667 0.00430412 0.00609955 -0.999404 -0.0339838 0.00409913 0.0340091 -0.999413
ORIENTATION 0.1705 0.999973 0.00596259 0.00425605 0.00610556 -0.999389 -0.0344091 0.00404828 0.0344341 -0.999399
ORIENTATION 0.171 0.999973 0.00596854 0.00420798 0.00611155 -0.999374 -0.0348343 0.00399743 0.0348591 -0.999384
ORIENTATION 0.1715 0.999974 0.00597399 0.00415846 0.00611698 -0.999359 -0.0352655 0.00394512 0.03529 -0.999369
ORIENTATION 0.172 0.999974 0.00597947 0.00410895 0.00612238 -0.999344 -0.0356967 0.00389281 0.035721 -0.999354
ORIENTATION 0.1725 0.999974 0.00598366 0.00405712 0.00612641 -0.999328 -0.0361368 0.00383816 0.0361608 -0.999339
ORIENTATION 0.173 0.999974 0.00598787 0.00400528 0.00613041 -0.999312 -0.0365769 0.00378351 0.0366005 -0.999323
ORIENTATION 0.1735 0.999974 0.00599211 0.00395345 0.00613439 -0.999296 -0.037017 0.00372886 0.0370403 -0.999307
ORIENTATION 0.174 0.999974 0.00599585 0.00390053 0.0061378 -0.999279 -0.0374614 0.0036731 0.0374843 -0.99929
ORIENTATION 0.1745 0.999975 0.00599961 0.00384761 0.00614119 -0.999262 -0.0379057 0.00361735 0.0379284 -0.999274
ORIENTATION 0.175 0.999975 0.00600216 0.00379276 0.00614327 -0.999245 -0.0383569 0.00355967 0.0383792 -0.999257
ORIENTATION 0.1755 0.999975 0.00600475 0.00373791 0.00614532 -0.999228 -0.0388081 0.00350199 0.0388301 -0.99924
ORIENTATION 0.176 0.999975 0.00600735 0.00368306 0.00614735 -0.99921 -0.0392593 0.00344431 0.039281 -0.999222
ORIENTATION 0.1765 0.999975 0.00600906 0.0036268 0.00614839 -0.999192 -0.0397149 0.00338522 0.0397362 -0.999204
ORIENTATION 0.177 0.999976 0.00601079 0.00357053 0.0061494 -0.999174 -0.0401705 0.00332613 0.0401915 -0.999186
ORIENTATION 0.1775 0.999976 0.00601109 0.00351206 0.00614887 -0.999155 -0.0406324 0.00326484 0.040653 -0.999168
ORIENTATION 0.178 0.999976 0.00601143 0.00345358 0.00614831 -0.999136 -0.0410943 0.00320356 0.0411145 -0.999149
ORIENTATION 0.1785 0.999976 0.00601179 0.0033951 0.00614772 -0.999117 -0.0415562 0.00314228 0.0415761 -0.99913
ORIENTATION 0.179 0.999976 0.00601131 0.003335 0.00614618 -0.999098 -0.0420222 0.00307938 0.0420418 -0.999111
ORIENTATION 0.1795 0.999977 0.00601086 0.0032749 0.00614461 -0.999078 -0.0424883 0.00301649 0.0425074 -0.999092
ORIENTATION 0.18 0.999977 0.00600937 0.00321227 0.00614185 -0.999058 -0.0429606 0.00295107 0.0429794 -0.999072
ORIENTATION 0.1805 0.999977 0.00600791 0.00314963 0.00613907 -0.999037 -0.0434329 0.00288566 0.0434513 -0.999051
ORIENTATION 0.181 0.999977 0.00600648 0.003087 0.00613625 -0.999017 -0.0439052 0.00282024 0.0439232 -0.999031
ORIENTATION 0.1815 0.999977 0.00600464 0.00302252 0.00613289 -0.998996 -0.0443818 0.00275299 0.0443994 -0.99901
ORIENTATION 0.182 0.999978 0.00600283 0.00295804 0.0061295 -0.998975 -0.0448584 0.00268573 0.0448755 -0.998989
